10000
97046
-6753
-77045
-52299
-92630
73146
8244
-20694
-31233
-19581
61612
-27458
-45299
-64592
54424
-1293
-52566
-36613
61802
90021
98134
-6359
930
62546
-95742
64445
63818
69757
79514
37986
41941
89534
-26657
42565
-49341
-35880
9875
-26547
-49504
82573
5403
-41060
-70470
69729
68029
20610
-77010
39627
24109
54006
-95622
-55294
4488
-33659
75535
-39755
66264
-21227
-97610
-16522
47764
-756
73765
33947
-89141
-72412
-40683
-47482
65528
85303
27450
-3923
66249
-95313
-89537
-28860
-30085
18630
-76435
-55838
75741
78574
11601
78916
-46782
-6361
21170
18805
22343
70820
82031
18333
-37581
-37333
16524
-22025
89002
-81427
66159
95572
94356
-29322
-90216
68581
-88677
-55459
-22407
-41040
-34326
-54902
-47885
76464
-48186
-92616
46543
-99583
9852
11644
2762
39383
35899
34248
-23919
81740
-72668
-60362
40827
-54170
-53652
-64119
54682
96561
36907
-26187
11426
-54820
87027
41136
66781
41190
13424
-40484
78989
-33785
44416
-21083
-75488
89043
43588
27333
-48447
6082
76914
70120
49054
-14564
64006
27584
98092
-39236
92400
70416
-85298
81244
-89794
10624
-13719
71869
-16649
-3375
-71981
-38231
-45320
41414
-71547
-9527
39809
-23131
71717
-41327
-77414
-96634
56940
-66019
-14012
-22361
98839
-95699
-85437
91889
8952
-25952
25636
24230
5179
37690
65170
49299
-43454
46648
-15738
54779
-82686
-35970
28662
94852
-58775
12905
-21067
-74575
74072
-1086
-96938
15520
95489
-76371
48704
-82407
86390
92315
-87521
-91558
47685
-9515
-23279
38657
-12321
-76555
-76931
-18523
62906
-45196
-54059
54817
-65616
-65948
82158
-68826
31722
14153
-14096
-47234
-1816
-78738
-79049
-10453
-93738
75052
45960
-60196
23431
-73115
-42773
85888
-79041
-88633
77329
-22138
82069
-2409
-72871
-28007
-45222
-24613
98461
-36504
79350
-20303
93822
63859
-1259
-99914
-14004
-4751
50772
-31833
-88297
-14467
13775
91169
-34806
-50550
67922
37825
8603
85140
53756
82478
59722
89022
90690
-66463
-42798
-27287
-92103
-75889
32488
20788
-24315
62984
-95362
14327
-8624
27983
-24929
-1852
50997
66399
50729
-6072
73592
-19484
3629
46999
-92140
-93002
-91662
14532
-85147
12969
-31302
-27826
79140
-94920
-75488
-78207
-93035
39244
73223
-68828
2624
-53840
79252
77567
-72599
64264
-84446
-64602
68371
-41004
-57220
87643
39284
-20913
-77240
-39098
66137
-90893
26278
-63426
-65015
89077
63517
-12475
95310
89169
51878
35527
-67083
-17676
-90681
-80334
12948
95761
-68584
-83238
-82665
-98206
83048
2137
29560
14011
-49478
-2947
-19583
-16196
-44440
9738
-76066
17263
35761
-98016
3254
-7906
-23434
33743
59757
-29759
-817
-47310
-58593
-41769
73220
-93100
64814
90299
-84090
17763
-72378
-12545
44182
18486
-95205
-19310
15496
48834
-80287
-85309
-72089
-77582
-44313
61023
-15573
-59463
58546
4492
-11166
-99114
1742
40738
-79386
-59751
1289
11049
-55133
85658
70051
21168
-52995
84911
55201
-37542
-55423
79439
48729
-47257
-89149
-41068
58479
-57959
34419
-13296
-39524
95402
19782
97612
52296
-63099
-60512
-65758
96169
-30503
50002
-74779
59957
18893
-51920
254
12099
65504
-46546
69283
82738
-94264
11403
-27682
74046
20197
24341
71532
4062
18858
-25669
8453
71090
-51217
92111
-20823
-33889
78981
-45910
-52129
-5552
40175
-90411
-46173
-69850
-99795
-52032
16553
-25849
35670
-84067
-31841
59848
-64501
-21311
-63309
39780
-99741
-70039
52839
-90285
64208
-76902
-17816
-48149
72502
10369
70505
-56309
-87789
-43494
-34462
-76637
51383
38685
45818
-37927
-42082
-96692
-24294
25381
-82172
-4600
-30952
-76678
-64576
87425
-40673
64031
-27986
-81653
-92214
-91635
2904
-9457
23958
-602
-97637
-10172
82655
77992
-91
10683
10364
-72985
-42055
30595
-46788
-6110
-75751
45673
69154
56185
75114
-35852
-11785
-5710
-53797
82104
-98881
-60070
72092
-8332
76773
-93736
20303
40588
-76585
78319
41721
92059
-2898
-12946
-17317
7523
-79287
-68020
-56287
64589
39516
-38445
74769
71354
48475
96831
47368
21841
-29287
63397
7943
-94306
-48178
-25476
-12704
97978
-84634
1966
45531
63347
92367
46464
-68262
-78747
-50920
7222
-36983
21967
74503
-38682
18929
-12491
79002
84469
-53986
99149
37895
-71172
-29102
66863
16169
60328
95797
-7838
-16722
48205
74232
72716
-62197
60307
-98571
-35389
58464
67176
-68856
40179
65581
-14630
14481
-55706
84070
-43005
16657
44086
46003
-72049
59398
-66692
-68679
71367
58847
-80454
13693
-28291
34492
-74412
1004
-59365
-48317
99902
58942
22135
96832
-94096
-693
-48023
35613
-26245
23326
-87459
-42281
-6733
-10491
-71965
60689
23701
97672
5879
71593
-77098
-83866
-73331
-59737
-82113
-11314
60752
-65267
90891
35937
-57305
-34933
-17256
48683
-21785
-80106
47807
78245
98284
-67487
54036
65658
81259
-41642
-85404
-13210
87862
19872
89893
-49396
-43523
36532
-82500
43138
-68317
4798
-38210
92943
58773
-91553
56984
7573
96609
-74799
7952
-94362
-64135
-86741
-38743
-97346
1404
-8015
-33849
93964
37539
94591
-20868
-56038
66876
-17972
-13197
69499
-26634
3789
-95457
-44984
62481
49975
89041
15331
47067
-60942
89458
-9610
92624
-47103
72367
97613
-49366
15242
-32145
-89314
80924
79812
-68478
78958
-39877
-94495
-33051
66600
82140
89645
-1169
-18480
-89920
-35733
-10498
99259
30628
7117
21372
-88227
75147
65580
-56660
-60418
-18071
-72166
-19535
-69939
62912
72822
54347
-62554
80802
80302
-87132
53460
29351
34064
42598
-4486
17999
-61093
87736
61540
88235
67469
-90947
-8387
64429
-38322
-79680
-7835
-84103
-87512
-86031
59328
-88560
70079
32267
79358
85201
52471
-31580
-6259
52960
33577
-45181
77428
38639
-20579
-19627
-19243
40550
-69684
-75137
-71624
-1947
-94830
74064
-22398
43241
-63145
59973
-54848
38760
23576
-35655
4730
17530
71882
-32094
-25242
31433
-21088
11079
61126
61367
18444
-83208
-11335
260
-41142
96934
-61353
84745
31660
25329
-62847
-2105
62128
-70387
-72387
-67533
86917
-52484
78958
-80903
-99863
-30034
1527
-89333
63801
5368
52729
-89587
-79997
18359
-85170
25083
47949
-16229
-83251
-16601
94406
-72449
-50505
10372
-74573
61332
89783
35232
-23047
70120
-79307
-54784
-13727
-51867
-43914
-82626
83670
-6067
21523
-8592
-52866
9417
-98789
-59248
-9012
-38601
-67174
-54798
81513
-40705
-16211
-58310
6906
37061
91535
72304
-23912
-25360
-52655
41565
-61953
39344
-51772
-45470
98313
43039
73453
-83129
17111
-45346
-85603
-81972
66394
39244
59995
-76385
-79583
24964
31035
-91489
75886
71472
-73202
68237
62562
25603
-32153
-65456
-14483
-49376
73688
99551
-77929
89906
-72105
75346
63646
-90086
3492
-33446
75452
60535
33053
53415
-72467
-65895
-75020
10504
60355
59743
-52752
32025
2676
-88211
77686
30939
-13056
46383
-98473
-49959
34223
-65787
16778
94159
-43722
-84146
37883
-47493
-96389
-15836
-1405
-64606
11320
99579
-69712
-46205
-35193
17436
-7919
1178
-35569
11886
19339
-15682
82990
60443
-48256
9368
-18226
27569
-41975
-18861
-29154
-658
48499
-50727
-94009
-97226
-40147
-51891
-72474
25171
-11289
-1530
96702
56180
-70080
-97504
95470
44219
70207
44570
3041
-89840
58743
-70700
-55557
-30721
47600
17540
-19590
40091
43448
35150
86765
-128
-16612
-27903
-42690
-20744
-78655
64591
-28318
-91054
-79963
91851
-89624
-67479
-41575
23627
-92289
-45903
-68457
-23372
1657
15264
19250
5019
-15471
-62559
24025
-69359
74359
-98610
-50803
-8997
-59277
11013
66011
-19216
-43186
67352
43147
14676
-68944
88018
20080
-83577
-13650
-10755
-71050
-19460
-68514
-48860
-28032
-5790
80131
-3375
-24763
-86626
19354
47332
26414
-29262
-46151
-97704
-71884
86241
66871
-69366
-86409
-68201
34990
-19419
99551
63151
-58054
-15743
67804
87169
94455
48301
92144
-80031
92988
-6630
-8397
95418
-65612
-69648
41650
-13653
72910
-64139
-2848
5122
21300
22484
4291
-87438
-95936
436
-77150
55094
-37278
11108
26178
27576
-97584
14314
74436
-89131
-93595
-80950
-65043
-96859
-19538
37793
69799
37999
38250
64895
-73650
58110
-75129
-48225
-40410
-59218
42294
76336
-57580
20101
-56682
82522
96308
-20093
-87089
-50203
-87826
-41641
94409
46539
-35545
-64407
-61111
32622
-98569
-12625
-90003
-52719
-49885
11814
56880
10014
-40632
70660
28026
82792
-25179
-87081
-21385
31831
-61711
-56588
29076
58126
-49127
-9537
56317
94753
-89629
31990
-45402
-89927
97781
63512
-60855
-93357
38371
-55627
-62039
76648
-5895
43981
-23574
-90837
23387
-58666
-49756
81326
54524
-25173
46109
54008
-44991
-8925
22067
-24794
75514
-6113
17409
20791
-26768
-33830
-9234
21978
91755
-73232
-95356
-82214
-15640
50930
-57321
20979
-70246
69048
97787
53098
-65400
89562
-13535
32831
97870
-92595
-12464
38046
49781
-30081
-25693
79363
53660
-95220
-27591
-27010
58185
68816
89637
29211
-72920
25770
46668
87605
-55313
-3289
-17348
-54618
-36760
-18848
-78503
-67648
89481
75314
66204
96123
9385
44829
-86077
-67114
-72726
78657
77767
-54080
-53927
-49383
-19679
-52651
16766
42946
26758
-90637
-14224
88585
54129
-84637
10683
80392
51555
33167
1153
68648
19504
15117
-88943
36225
-65553
31953
-14285
-55339
-87742
-86709
-19489
-52093
-92242
-8963
32153
61700
-48295
69285
80590
72163
-58341
84399
-74982
50797
-13510
-31027
23934
10697
-13287
84704
14945
38461
4942
-2090
94214
-34500
-82979
7419
-45574
53853
-92420
-94044
64220
-7627
-76933
-3870
88478
60682
90415
42321
23701
56995
79691
-38005
-19432
-83357
41049
-73698
-91679
87046
93845
9131
49591
-81148
49744
75087
17803
76126
80566
79561
26308
50766
-93958
-81598
-75290
62294
-1083
570
-40718
26203
-54755
94198
95670
-30386
-46680
85992
-60703
-29990
20229
38324
-37661
-56901
79710
-26543
-1870
51811
95159
-65863
66033
84969
12375
12029
98343
-90363
-18762
-88493
74773
12137
47145
44441
-29128
-65113
38294
40082
65797
80418
72695
-2388
-63067
97658
48936
-50741
-41525
-35310
-36354
11558
-79373
7085
-41617
-5907
-41749
75430
97460
62885
14226
-43438
-25682
-64054
-78637
-21622
-44829
14274
-33818
-98635
68543
-43941
66218
-93288
-32736
-91967
71883
-4068
81591
-91958
-51282
-19421
13485
-48380
-84480
-17241
-87731
44124
-67719
-25104
31219
78637
-3266
-85074
-69287
-11184
26417
-74843
-14987
-64477
1466
43803
18211
456
65002
88694
-98434
68657
-44214
17495
5346
52933
-90809
-25654
-33202
73979
80703
-86035
-55577
-88082
-44604
-85226
83065
2070
-40761
-92331
41480
81215
75464
30566
-96183
-99395
-22766
-18016
51780
-50079
54019
-53960
-28880
-56842
-72933
-19373
-28785
-5689
95368
7281
-84338
-26324
-61566
-95007
77603
11946
82560
-13179
-81220
-2927
64058
-54520
-1165
58870
90509
-30871
43582
-31050
-91623
59794
-95980
-16613
-39412
-66560
-62382
14859
53751
16290
-79539
-64101
-44290
85772
-84849
99138
-44826
40005
50384
51205
39600
-60766
58996
32381
23984
-830
-88716
-20188
98927
67901
63486
-81380
2074
76219
-12517
20100
-33604
-26568
-16382
-2177
-15117
-49016
77329
65477
77923
-73073
-74
5719
-55719
4125
88347
-23097
72313
57198
17379
86832
88314
59403
8036
30058
34174
-12503
-5639
-40585
72533
84015
-91426
-49987
92763
26196
68458
-41069
93594
-72079
3848
-75791
-26897
40404
68107
-46778
-44101
-42226
58982
75537
52891
-63631
15460
-3013
-37857
-53566
-58150
67038
-50718
88933
96067
47910
-24294
75848
12456
99772
-11931
-40483
32880
-27064
-29410
14898
-41767
78113
-31948
34763
39775
39872
-6154
-7611
-43118
66731
-47878
-43395
11586
-13564
25594
10202
28443
-53034
2134
14543
5406
1144
71007
89736
-94985
-19905
-62853
45619
34864
-19476
-17339
-58213
-62641
69937
80277
36810
67832
-16046
65252
-57525
4768
-63217
-81015
-53995
-35498
-35691
48999
22265
3115
18091
57663
-27294
29799
90703
15402
-17854
-79217
-49011
43817
-894
-95172
16073
-94258
-38991
-67297
-44626
44763
-22351
-84490
-32903
-38468
-70879
77676
-6136
33181
-54409
-58257
32038
55610
-22086
88677
79438
-56268
73024
1836
-28507
-37924
74509
-72173
-11651
-98513
-13830
1639
-44626
68119
-26375
44310
-8709
-70396
55723
64358
-7426
8476
-33420
-95334
-32901
19651
-71078
-58997
-89036
-40971
-5100
-52239
90333
29473
-93126
74277
13920
10509
-84971
-35784
-96889
-65980
62789
-66185
34677
40737
12339
-67530
20543
-64640
64646
97707
-10507
-54720
45865
-76952
45357
70179
-42956
23967
-99863
779
-52389
71209
-16588
-21959
-55915
69467
-76887
-64266
8692
-303
-89540
74769
28193
-87802
62891
-26175
-61146
96671
83670
-59240
-35915
-85709
59138
26799
63451
-32687
42219
-52720
40067
81485
52158
33972
-48145
30736
-89712
41537
-49435
73017
-32341
-50585
-84243
-20769
-74438
-16096
60813
-33226
-55291
36788
50048
21441
-73897
-57368
92991
3953
92428
-7328
49336
822
-13387
49909
-69303
22369
94404
-43786
-63177
-19079
-48783
-29354
-93594
-84177
-90559
-61334
20015
50203
-1364
451
-88627
-34111
-15885
77879
-84328
-4856
48671
-97436
-44504
85675
-12824
-27542
-3940
-7378
47649
84888
6944
-16960
18820
264
-85204
98618
62858
-89122
19388
45163
-69192
47422
9692
72630
-1516
-41709
-9162
92159
64532
16987
45401
88500
-23097
95809
-26992
-7697
4021
3082
25256
1868
-98498
-29945
-86601
96135
11921
-33096
-42160
-7954
48799
84329
23733
91021
-41173
98334
28923
88613
-93340
-18025
38643
-20052
10577
-87596
74271
-68732
-44936
-81280
-66157
-53386
14265
-85583
-94489
63011
-97758
81190
8250
-94292
-65507
81844
78787
37542
-97931
-27588
44747
-47955
-76187
-19944
84961
-41827
-45675
-15934
-85568
-48067
65780
-19923
-95039
41381
92306
-62786
-99083
-74653
-41789
79865
-60507
-17649
48127
-43582
-82461
-49680
90824
70989
-67636
57585
89327
-85968
-43116
57592
-9974
-98655
-99462
20640
-45337
94419
-36880
-85071
98368
-80735
-64520
89759
79239
-46267
36619
-13862
24231
1190
-66651
-78009
-47830
22030
11675
-42520
-54722
14323
21435
83653
58789
65068
87998
-13518
39876
-30724
4201
-41707
29062
76636
-70610
48206
-39493
-14577
33639
-89974
-65527
72096
-30864
-32843
-85652
93712
41157
8370
66175
51524
-46840
-62666
5241
-3418
-51822
87013
14533
12467
47921
-28978
11853
45490
42815
-72339
-69081
89908
-29515
-88454
-23475
-61145
78195
17334
-74286
23530
-29357
-47230
-47062
87651
-98728
-89088
25577
-88928
87082
52816
-29773
22631
71048
-65499
-64148
78198
66731
7606
52712
-32658
10863
-60437
59881
-16086
-86324
-4954
-97702
75325
-34708
72018
72190
23005
10135
-27209
41577
66401
-57509
-1801
-74717
-91674
80085
48663
-81095
35207
-67991
-58336
74970
-96946
-83378
3098
-69073
-84242
18300
-54291
34351
-35873
1944
-19950
69244
-64021
-95724
12458
43426
54008
91648
18809
49614
-54714
-8855
-57843
-47159
-59458
-22509
48106
58284
52206
6278
87707
-19705
79248
-88034
7256
-80210
30195
-1679
-74804
84000
20239
9338
-32115
-75699
-55899
-13532
75083
-49123
11451
-13169
32104
25410
53764
-21123
-75018
-353
86756
42161
31130
55618
83194
12988
59800
83921
-39907
4685
30984
65182
46222
34743
2286
73698
84736
-96809
7458
-86132
-17894
77499
-32995
-55422
38625
71459
9814
68394
9451
-8703
-95025
96019
41268
-38723
-21064
-53246
44677
49104
35427
-83887
60957
77629
13265
-97342
3450
36333
60111
79919
953
-99896
27771
-59980
31298
-74860
28556
73856
57600
69874
-38848
19491
90468
-33723
-11313
82848
94796
88150
75117
-43381
66662
39941
-51319
-72379
94520
39942
90350
61707
94050
70956
-23788
-11572
-17798
-59859
43505
-17114
-42873
32073
-45190
31157
-57005
-71213
53423
63933
-73873
7191
97617
85204
-23037
-85496
49591
-10662
42254
59560
-23669
45634
16759
-34627
82994
88172
-89468
5962
37647
-24099
-34818
-68981
-6584
-75342
41087
9428
50518
86279
-85162
14845
-90674
47104
-5861
-41639
38209
72020
-20414
64536
71247
-96611
-75004
-55671
54400
-70526
-98888
-84612
57353
81267
62574
-93285
-7767
-21691
61960
-77273
-53632
-48502
22417
14978
-21021
23378
-86206
-65880
22930
97466
-91998
21222
53700
-40950
-77378
-48357
-3964
-87180
66095
44581
17659
-28832
40324
38615
80876
27937
77975
-78872
8495
24525
20740
73291
-23110
-78068
-93087
-20516
77388
-6324
-81424
-10166
2603
38989
45234
75954
59679
70780
-24464
44335
-87791
-34067
-48719
-96186
58632
75631
-68948
6405
86105
-31247
20630
-80149
9003
-90337
45139
90486
76808
-36625
85072
35094
54988
14900
41708
-94602
-85450
-54001
54528
49175
-62607
-10269
-43754
-67560
98284
-3300
-60778
-35377
5208
15921
57488
70595
60329
-42208
46431
-71505
-65300
-27090
85998
-16595
-96239
-85785
30578
-15334
-60321
27711
-39039
16698
-37587
-63358
49085
-62638
10079
77164
-71369
-39148
-90998
44506
38441
52556
30263
-11850
-54599
-6288
-93567
-40509
-15784
85761
-29575
-79195
57918
-4583
-56975
88850
36115
77040
93868
-50015
-90040
94954
-34732
-2575
59830
-7553
-68092
58463
-25223
-12946
-55171
87776
-95986
-38279
92432
-61257
72909
-55920
89716
-21449
86509
97366
-9160
28732
-23141
-85892
83079
-40923
-33901
69172
81511
59056
27232
20414
-35932
-23688
74284
-43083
-79998
-67870
-24745
61417
-42923
-23587
-9397
32420
62666
-10341
90636
-8881
82437
-31006
-88485
24917
-39659
79924
29764
-60978
88872
92811
-73990
98533
54804
80186
79895
23346
-19217
21777
58860
70740
88990
68347
42052
-15943
72161
-50045
69301
77646
972
-92687
82588
-1021
90270
-38169
78826
-99063
-5148
19115
8399
-72449
-1907
-66731
-66141
-62475
57521
-53289
54974
46716
94235
-83189
54344
-77275
-10211
72282
-64575
49302
8820
-39378
-37059
-1370
79719
25836
-13914
-72855
-75384
-79648
-67666
92865
89958
-61074
-82481
15615
63870
-47029
-46960
1896
94752
-96377
-97176
26173
41136
69172
34023
-66465
-62410
63491
-75470
63748
16287
-49878
-22685
-97650
77636
35558
19928
1151
-41154
15004
43285
-80108
97953
-89436
-17487
7680
67700
82707
-45158
34441
15995
15431
-84969
73834
97997
-23287
-189
-69966
-9930
-40321
48354
-73902
20973
-16523
-56341
84593
22262
-31819
-9141
41662
27119
63849
-34760
87087
56412
-85079
-72540
11472
-10802
-24112
37076
43186
-22100
3984
-38579
90157
78899
92534
93273
-12807
-41394
70928
-12044
-64523
58109
-63801
-18954
45680
-94930
-24433
56196
9885
-40748
-45755
-98384
-88538
58737
52059
-71253
70190
43237
-66464
-92058
69849
55114
55183
-33555
-81531
19162
82175
59438
-84765
74443
42241
-31100
40742
54938
-40457
53677
14173
57041
-79755
20191
17012
-77700
-78167
-69753
-48420
-70144
-59443
-24541
22264
66051
7424
-11617
-45440
90432
59844
20441
86931
59271
24388
-21388
67985
-83822
-57478
-57639
91966
91675
-54655
-81367
-58585
-66324
21730
-28003
5532
-12198
-50398
74930
66849
39746
-61260
50233
2116
22314
-13161
-90462
-50351
96570
37238
-83054
-55661
-69981
90016
-97919
96384
-43247
-69703
54151
45685
-1997
17973
-17093
27176
-4201
-20800
-56192
70974
-14560
55361
36236
-35193
12836
39409
-41560
21385
-11246
63078
6842
94292
22768
-43362
84222
59449
-68981
23753
8147
-95282
76886
15992
44445
24469
-70659
-28315
-18566
54584
-13480
12141
49093
91298
66400
-83386
-94777
727
-77091
-65677
72153
42673
-56549
-62971
35047
-91855
-85510
12544
-54822
-62261
-72446
-45146
-2038
60904
-65876
-78671
88617
-59326
-91650
21099
33876
-12300
51148
40754
-24419
10307
59961
-30416
-51917
-45833
-11860
83714
-53107
-31736
8666
-48994
-80619
87737
-49054
99957
39171
84132
18422
-75850
99888
93153
99202
-79208
37943
5242
42714
-95345
56876
-95703
-99991
-51644
45757
-21862
49526
-68299
-13948
-47727
-71867
13254
-24080
38575
-66106
9861
-53045
20597
-88114
-83100
-46822
-18744
-49139
13117
45341
-25827
56544
-17927
21042
-63003
63948
1060
-66963
34678
-37063
-65223
66668
96421
68808
-7433
32895
-66287
12895
4476
895
-6916
-74774
-12980
-65979
-35940
-76552
-80192
70877
-52752
57064
67329
31962
-6781
21098
86980
94508
-25725
95347
88524
90184
-44140
-62477
-14797
18995
27753
45533
-81819
-97866
93959
37567
-72431
86814
-23837
66891
93048
54767
-93089
85708
23881
-74690
-26906
10846
-32016
27262
69472
-7629
-89174
-80434
21087
61044
29953
-11434
42362
88808
-42298
-68340
22031
65526
-67443
39430
-80400
-87125
34320
-75490
57944
-94972
56156
57642
33315
-93525
-90303
-52214
-92373
-89194
76844
-82489
-55379
56552
-58130
-98017
80891
40306
46653
-35414
-63723
65408
91046
86545
-9412
32888
20610
83634
58648
-57720
60428
9285
-82856
-33670
11950
-44742
-21036
48278
-70689
-37186
-93832
57767
-20411
-88885
79956
-10007
38104
89068
5476
-65797
-46939
24855
35631
-70259
-41898
-68017
-36279
63084
-5933
81567
-2788
1256
-2819
-49754
54434
54499
-49154
11860
8075
-19258
95040
9865
-14747
-72654
-42739
92286
-23636
-32417
30119
4540
-57186
-15356
-7682
-80657
11079
-68743
34561
-96390
80736
37108
78711
-75490
10804
-93527
-68099
-55725
57885
72205
-32032
-39027
54396
-82348
-85323
68514
39010
57681
-94300
9874
33317
-52225
9669
-57565
51527
14048
-94470
96074
-95556
42663
89510
-33334
-30719
-18919
57724
-35818
-89403
-69941
91666
45043
12143
-64581
13930
38413
-10885
-5194
-38857
-85389
-18573
-35947
58082
60013
53106
-26236
44890
-42491
33063
7290
38721
-65631
45442
43928
58645
-60955
-52257
-26549
-11493
71331
52306
65926
90863
11967
18665
52190
18886
-59967
-43414
-157
27118
-77402
36402
50062
-75992
-48349
7701
-69577
-14618
-96209
75013
-52235
-93201
36427
78664
-28178
-2100
-66514
-75993
67084
-97048
8473
74441
-62900
29079
97221
9491
-18401
10599
900
71797
18031
91984
-37420
-54982
91777
-21706
49021
82684
-80234
58831
-75834
-8508
-24204
73731
90410
-84258
65414
-15863
-73332
-35955
76028
-47070
51867
87114
78769
-63417
-67083
-49689
93675
95938
27535
-71955
34973
-11188
-14935
-49044
-46623
1324
4516
-42412
78767
26135
-89395
79560
45748
33893
92271
-69118
-813
83186
33393
40876
-68720
95550
-79818
75109
-18012
-46182
16849
-30317
65079
86440
-17964
-70839
55371
-36788
21215
-47864
-32197
-28741
80245
20395
-59303
-98760
85560
-19233
-75842
23743
-45275
70101
-44827
-78686
-47430
24160
70043
-82791
45212
9088
-70339
48030
-70807
64136
46770
-13005
57524
-90122
89536
15622
-72318
-4779
-32679
-26617
-9208
13373
26714
-32495
-5725
62764
52145
-78665
11475
-4810
-76078
2065
28749
-46484
-13807
-74520
14002
-9833
-61430
11393
-21419
-39692
61994
-35971
-88801
-88123
-88783
91292
-88366
2334
60435
-69961
42089
-56466
-23858
-43862
87774
-81426
-44428
-86174
-206
26455
55538
4097
-38315
-26138
64089
-75171
-98970
-66423
-37156
-5863
90460
93376
86817
78585
68750
-96547
-55449
30218
-58954
-31612
-76682
-25480
31736
-53443
-54033
-88232
-58789
-95589
60510
75196
41412
-18997
-21546
-74576
-60615
36936
-59776
21383
-71295
-38192
17304
-59218
-14359
55898
92816
-6443
76797
-6495
-13737
39995
-59077
83614
9258
77408
78379
-67137
-12873
-75424
-59619
39250
65125
25515
55527
-31681
-69295
-84746
88872
-13661
-43103
-88387
-95205
-29181
85139
-76717
70323
-81670
70453
96542
-77272
-36501
-27066
68090
-3634
-44881
22722
-94243
93667
6028
84219
-25623
35309
5496
-27966
39106
97539
-35701
18841
90856
26625
-80650
72378
7322
17465
86084
-400
-59591
30077
-92903
78936
24951
-19188
-662
-97269
61919
-37119
-53176
-86566
-43568
97064
3049
88026
15290
-3228
83662
-30784
71500
2804
-52762
64637
-89084
79263
-73754
71996
63994
-29872
2233
-66473
-81714
98771
-653
-81545
-28220
16205
-57562
71598
66054
-78066
-19998
80327
-84771
40309
28296
87430
-87277
-39747
-7494
-21643
13355
60037
-65263
68778
-79804
-87005
1397
15090
-6457
-85488
45338
-76135
57372
36636
-5601
-48363
-43339
-28454
-17472
-66226
-76840
-16957
89977
63919
96563
96419
9961
89377
-77653
24311
-95709
-18896
98126
-69364
86864
-25490
-43556
6745
-18697
-3075
62973
38228
-57764
-56250
66347
-52075
34801
98264
-16500
-65791
-42090
51186
63507
85999
47991
-70396
-43715
33588
38544
-62495
-81486
-35058
34456
53589
92055
-43989
91276
84635
-47120
45627
-59712
61690
-35493
24618
27747
30453
8993
-66416
59044
-46430
-67990
73168
98821
-34973
-46504
86813
937
-84112
51297
-3150
83333
45849
-29685
32422
-80622
-48297
-64018
87436
-46502
-98736
64461
-34554
72375
-45380
49940
89199
68669
90002
2523
-73111
-88626
-40793
-43794
-62135
19302
39103
-55842
-18995
84411
-18383
51167
-47508
-47761
-79503
-69675
-86483
89995
68294
50290
80028
-63477
52175
33455
-73429
-61226
72308
4888
-310
-96939
-25022
42200
-75025
-69841
-97309
-76632
-4025
-60659
-1619
44390
12837
-19937
24074
-88272
47682
-1024
71700
-19962
-19839
56309
-97529
-18013
-85059
-81432
-24306
-82229
35437
-93271
3725
8494
99747
59459
-54156
39099
74711
-30439
-83563
-20620
15051
21799
94909
-24513
-14844
69132
-11695
11556
-47575
-34768
79822
-35383
87619
-17589
32782
-55644
41542
-79741
46617
-12115
-18093
-18535
-87629
-89022
-71488
94229
-91316
61234
68829
-78540
63746
63184
72647
53307
-70213
-45555
-46264
72245
-34555
1277
-19128
43040
44823
76545
43017
-30584
-23254
-59458
-82616
87141
-68310
-53464
-2678
7025
-77204
-17695
-60197
23353
-44616
-73020
-43123
-4610
-52729
-7004
-72438
93708
-23841
77365
63731
82040
-500
-33295
-73133
-81936
-40475
-85314
99525
-17177
-21296
-738
32103
85245
45366
-84632
-74109
18486
86465
-79460
-70747
-33654
-79588
13852
39121
-5510
-90528
-4067
-47544
-39609
83621
52464
-50355
95707
15410
33152
26304
42843
-54284
-5249
2767
-4254
-46370
-11667
16816
70044
-56597
-93979
37147
6928
74646
3638
7822
89440
-13975
6560
-23405
-88430
-53272
58480
-25833
7972
38150
75716
-55784
63701
-11044
-41096
37446
-20996
-35772
21438
-378
63875
40674
79121
64366
28843
-1669
87675
-95806
-45843
94099
-74566
-62682
7710
41814
45404
62327
64162
-55209
-17564
-85738
-32479
53108
60952
-6814
-14535
97721
-91384
-90088
-4010
-57732
84077
-12987
9503
-6312
63098
50070
-61269
-13465
16902
-81572
28919
67469
-2620
91184
-4490
-50290
10067
-97870
85403
-73565
-89376
-28081
6653
-1078
75069
87310
5993
34341
36818
64467
-28860
7970
74500
-126
8665
-17656
-5346
35275
26288
81103
2695
97247
-10057
6780
-57374
-71551
967
-97372
-15612
-18918
-9555
1133
-22336
39370
-89318
99871
19125
-8269
-84671
68995
-17492
28065
-49632
-96443
46846
33545
65240
-46792
53580
58420
-21965
-9188
-96856
52434
-81941
32897
24440
-34700
81022
-33555
11234
-95911
-80769
84435
28492
94909
-75899
87515
-50173
20291
-3052
-60763
19618
6684
-78151
-8703
14189
93908
-89736
26191
-74265
-86875
-33171
-87979
38168
78443
-93595
-61448
-47873
-9635
-33766
-65318
76729
-87627
-61368
-54075
74085
80824
52456
33891
-82980
-88072
48484
-60697
-55245
89237
75306
23839
73065
-10437
-63924
-22773
66438
7514
-16034
31648
-54027
74750
56037
14846
482
58987
41409
-31026
-55663
-9007
35354
-87899
-58307
16307
21151
62246
-85321
-50678
-26713
-71462
-93479
-47753
-15090
46556
-67669
28117
-61151
-73059
-56847
-60960
-4648
-52663
-95100
-87195
-99226
-22949
-10530
54486
-71019
-68646
-98578
-7659
67358
-64478
33209
-90414
62658
-87460
-29980
-10543
-64176
-53277
31616
68079
52684
23647
-59827
8552
38744
-74148
48504
-11089
11748
-71389
-23299
74964
69567
72956
-175
-71228
728
89262
65599
-42100
-74861
22545
6062
63446
72236
-5436
79675
-63677
28435
-56308
96008
-75746
75835
33157
80923
63470
-58942
3578
-30792
-28531
91058
-12427
-44486
22662
-24304
-16771
-19282
-56013
72294
36869
80483
13878
-10213
-92757
99205
71474
54456
20334
94372
66004
-62422
-4000
-16762
-10400
22163
-5926
31014
-46454
-59132
83832
-33983
98557
87332
-40656
-70353
-80726
-8559
4260
-73337
-18736
10259
-87806
53083
13151
-90259
74772
-63876
-8953
26921
46120
-78042
-21935
-70316
-34398
-25595
62721
-87275
55768
39795
-62111
46382
9107
78219
39903
-21053
27538
25843
-44716
81710
-25892
-60171
-50859
-8143
-18198
-51171
-31446
70234
-73391
93835
-83092
24366
69864
39910
22652
85067
-52617
-20151
-93305
-15942
-23576
64571
-64427
-69280
31491
77560
-77261
-40311
-75707
63665
-34557
-32951
5162
49407
-86223
51040
-95797
-84630
43478
63878
-42087
-38770
-98391
-76360
-49601
86953
10766
85836
23485
48758
-58783
-2863
79999
45891
-49839
5766
84607
43766
-92302
-97815
-32695
-90409
-37744
36595
-55474
-53926
53663
16026
29828
4141
57067
-38736
75128
61703
-54725
74617
50612
-56238
-43137
-1612
-96405
-23842
46586
-97322
-77669
19392
85550
-74138
57994
65725
13414
-5195
-28017
50573
80017
-6049
-21172
30816
71624
14029
21465
-33132
16356
19019
1381
-68204
85361
-59591
-6675
-23974
-41228
-48941
-89656
-47860
-50743
-72471
65470
-84817
-85738
87991
-13028
-16057
-30008
-8890
-52877
87330
-417
83746
18468
-46038
-43695
-97420
-8436
-75372
66038
92384
68104
25684
-50294
-52509
-61332
-32576
-39642
-86911
-19027
53637
30673
-12667
87794
8243
61549
-52047
-14991
-89941
79083
28641
95635
62172
-14275
-52012
2800
-33532
76203
-14206
-68179
-78218
-96748
-71953
-10175
-350
64079
-3766
-73811
-81187
-16146
21345
56768
-89407
-58409
86415
7166
-36485
-64983
-5672
17886
35438
-8437
20626
-88892
-31654
-21818
-33050
61224
-77349
-80393
-45791
-15629
-69990
-11723
-93092
60783
62114
-79091
-53842
55048
-88496
85075
22831
-51594
95706
-436
-39899
-46749
57285
45964
-86031
17273
137
46969
59887
88305
-92675
52861
84668
-22105
-66590
-625
81845
50366
68057
-39705
-38880
14378
-69575
31886
-81654
13799
56895
18303
-36140
-36495
-6944
64139
86782
32157
-61751
10886
38361
-43175
73539
-40796
31136
-45181
-94490
95065
13617
47601
11186
19941
-28518
-86665
-27823
17428
-84845
47283
-54026
-2211
92319
-69843
44589
-57573
-15347
54882
-75546
16896
-44114
19050
15782
-73409
32447
-13705
-47549
31961
37705
-40666
19708
-30592
49795
13914
20770
-19062
-22477
-26419
-23300
12273
28047
52760
27571
15271
-17471
-94323
63672
-30535
96588
51948
96317
-29051
-25013
-67258
17955
85429
-88602
51308
23101
-19206
-68956
62905
-21094
-12968
-58313
-20823
19297
65562
-15739
88087
66492
7381
-65137
68634
68800
-48924
-32377
59418
85604
-80803
-45654
-61481
83099
93055
43921
71789
-51609
68353
52491
-77755
-33823
33868
91401
-7350
97771
-86836
55091
95923
28676
12453
66134
-64893
67321
-54658
94526
61360
-43148
-60411
3256
40637
-20580
-92065
90730
90383
53616
-71381
-82944
91048
-78555
-36972
28683
-42733
-46528
66704
-88307
51520
-75395
77118
29182
-42322
-87430
-22285
-48757
-85037
44209
-63919
24604
-72356
15146
28785
46186
-35663
-63827
9937
29709
46279
-35753
88825
-78607
-46086
76973
26439
85115
-56520
-24510
-51655
-84174
-85472
-61315
-1798
2466
50566
-19709
36134
-13438
-94374
-39295
-95715
-97461
68017
44660
-83832
-6439
-30850
98804
-57904
26472
-1958
67249
4341
76057
-66501
41671
82792
-89894
-70031
89902
-80485
-93486
30052
-43458
64030
-34612
54235
35630
-87767
82986
-29076
-4976
-45463
-47438
-81153
84663
30162
-70775
84492
-22409
-98201
-81739
-56046
84886
93001
-57403
-22943
-28682
-89894
98415
-56331
-1521
-27182
79981
48040
97005
-27760
-35564
-71625
-16577
24404
-20335
-95919
81430
78768
8646
85678
55418
38279
14955
-41333
-11387
-94146
53167
-68753
96314
-43900
15476
-45435
11276
11473
47436
87635
78683
44891
88899
6443
36534
24954
-89937
-39785
20049
69705
67777
8502
83656
-69195
34432
-90541
-96442
-1731
-52595
96678
-39805
43538
66091
13218
-5224
35264
4887
31094
-16111
53613
-45312
92693
-60328
26544
-57997
-94338
86593
-30702
-38258
2333
33277
-35704
-306
53874
91195
54242
73959
48837
34519
-24008
43992
-78930
-57373
-19794
-40676
-63365
-6057
14444
41209
-17906
-25610
71174
-60636
78474
-33239
52951
6233
66049
-82730
44366
40117
51573
-5281
6983
82510
-61739
-17750
-12162
-4973
30380
-38295
56571
89973
-71677
-15184
-46495
68070
-82493
-99106
23630
79009
40084
68136
-58304
-22738
15095
-36618
-52481
-61078
89176
-76094
27688
63239
59825
-30240
92597
-164
-75818
85211
42810
81160
-94690
58372
59173
56568
-24357
-55835
-17729
5042
87277
45900
-30508
20821
-4866
-25460
-36203
-86298
-91442
22201
-87991
-29239
-65734
47897
16245
18346
49809
86872
76446
25095
74941
-67237
41364
-72142
-67380
-97433
71630
50413
88856
38837
-72510
-49687
8160
-4100
61723
-66489
-96518
-44494
-50397
-25616
22046
-26985
-44480
80342
13202
-86436
-74693
10174
50968
85012
-73413
7992
-44019
87894
58462
20736
39042
-49590
255
40694
25421
85020
-75247
-22721
-33052
-87823
82392
72993
-90617
-76268
-71391
70122
5663
18703
18352
-22184
-12961
28042
-9632
28841
32599
55080
-93873
17133
15917
-92959
-99458
-80006
-25676
45019
-60261
-21406
-23652
-77083
-37044
-35767
-87533
989
69409
3673
6612
84499
-92974
-49397
-52481
-94496
5219
-31105
84611
-22335
84393
-29618
-45157
48945
10058
-35764
-27184
-4069
65062
33555
-3104
-97111
-89837
-82148
-85047
88578
-3505
-2402
-78048
-48426
49399
-29135
-26660
56170
-74749
-69419
-70777
-86269
50427
25749
-11258
-46805
60598
-11116
-37035
-17927
46930
-6611
-95872
-52022
-39514
-73676
2235
1266
39176
4874
-87841
70138
7649
21936
-75169
85177
72474
27922
-53689
-84429
-19515
82469
-81852
-74209
50351
97356
-75884
-52838
-81318
49707
-94188
40747
4733
94855
58032
43339
-73161
-30939
17673
39385
-37478
25293
-84611
92872
66822
-739
41549
-94813
-54110
10758
-24849
-85247
29244
-89454
-96766
23021
83828
34185
-30719
-49281
-63063
30281
19738
-6685
31915
-85590
99865
-80053
-95138
-33280
-5933
-42439
-67228
29484
-80196
-54834
82797
23466
3245
-52678
-29020
-81111
-23161
55801
92918
-84585
-13405
-92221
90943
71052
46526
-86406
89197
85300
-22508
2233
58416
-20321
-16678
46240
1744
41723
-88330
68952
-39847
70283
-75936
-65790
-84774
-12867
-49031
-37391
-2367
-48513
21973
-81322
-71378
88807
40457
8795
-82031
50519
-15659
40994
45331
76049
-23814
94110
-76201
74350
-86200
87008
21094
-29144
71257
70572
59294
44386
4777
-22130
-48759
-46989
29592
-3020
-97140
-42390
58082
-64072
-47839
-92646
-76900
57133
-88174
73085
29058
-63421
92917
-5430
72735
51661
-49393
-18148
44347
29342
-27128
-12156
25714
-87735
92732
28825
12799
-19797
-31872
-13448
-54152
-96280
48240
-68102
-87731
90032
-99858
-58866
-60320
-79968
56434
30531
58580
42911
56877
-5953
97256
87278
78280
-98974
-16920
-60301
36057
41584
92893
50779
20424
27298
-12304
58250
-64431
-76794
55956
-2819
-39362
21959
31701
-85525
22503
39741
-23416
-69446
55609
-41940
-79903
-56135
-44318
-95071
49131
72572
-72249
49778
35967
-16983
74601
51139
-69121
-67108
-52314
92523
-58129
-75917
-24136
16689
-32161
63648
32698
-78611
-1209
1393
-69541
59040
-79206
51796
-55470
58585
-81776
57454
69965
-1099
-14305
774
50391
-78371
-92205
88317
-6179
75414
-96503
68457
-66410
-2768
6778
-16932
-87349
38345
-57515
-58352
37197
55479
-72328
-96073
66669
-72426
-64342
84296
88289
-44257
21905
16138
66398
-45625
-23636
99077
13531
14388
17246
-61668
59413
6269
-36131
20391
64689
-76792
-13460
-20686
74942
-26762
-41697
-38036
66588
-31203
24021
-44651
-79744
-11657
89752
14813
95169
5153
40570
-72050
-86625
-45601
-123
99220
-87904
-7576
-87573
-45801
-16861
-15258
-77652
-17544
10669
-68392
-87128
-78664
77863
-45853
59923
56101
-56676
-16562
-85750
-12553
14200
65002
-18859
64461
-58440
86290
-22134
44853
-70331
-23376
-13765
-87540
31963
-22376
14888
7479
42123
12985
72601
26928
12580
75301
9437
58784
46843
-85036
54719
32496
21872
16367
78382
-52121
-77316
50988
97510
-30102
-77369
-71585
-92968
-86022
-2986
83963
21289
60516
-85749
-62940
-6287
-41808
-12025
-90679
78200
-30450
50992
-79000
43450
2414
15440
87718
-90343
-24039
-8555
-24098
99778
97529
-76353
51772
94547
-43042
-48708
10779
88164
-64105
39247
1222
-57134
49471
-18782
75287
-48423
-90543
-33567
26000
-10390
8222
85029
-56980
-35593
-17377
70590
-56319
89512
-30119
-405
29630
-33795
-56093
62393
72356
15593
67090
8047
-97887
-96327
-47287
-66133
43049
61248
-28588
26894
-91904
55060
92447
48066
43313
42506
79544
-72528
13732
-65811
23716
59648
-97272
-15776
23404
-87016
30077
-2059
-30727
-98345
56918
58193
-6500
-63883
-96146
-81896
37892
-5660
24625
-76630
-71367
14866
57618
88870
-66898
-58989
66979
88604
-95658
-18257
-69318
-16991
-72928
-75258
-20471
28847
-69284
60353
10894
66319
-61471
26921
70019
-22589
-67340
-39527
12230
51934
18772
-50876
-6497
59484
7100
17888
14757
-22968
21634
73902
14553
-89913
-94341
56940
28187
97929
47466
53843
48246
-81430
99615
-63317
-13236
5023
64358
19414
99567
48531
-86019
33818
58845
-21531
90292
673
35638
-47601
43961
30167
87727
-87429
47453
52225
52167
51147
98596
-4585
-89674
82651
63624
91336
6747
-21876
7777
-27612
9230
-26212
61595
-82820
69757
-28642
85125
-97443
6246
-51987
-26676
-93938
-92588
-66947
-54056
81782
-22585
-83133
22461
87746
-85689
-54118
39733
-47701
70806
-66935
-63339
-69834
-7150
-74248
-31079
-65426
75828
-80896
-31524
-78750
-22859
61399
35669
-87859
-19642
21691
-6996
82698
-28518
-32237
98241
-20571
77140
80147
-64421
-64276
81057
16633
99891
-74405
-34965
-36770
36808
59051
52467
-89110
14338
55165
-63185
-77385
-19856
-58931
-44818
-72816
-1110
-13603
-497
-27814
-48536
-12967
-22428
56927
84931
-46992
-8688
1241
-87861
-98639
36038
55803
37408
-56069
71005
-77510
-71485
-17080
9233
97109
6735
10398
50702
-38426
-26988
-23516
-93587
-89429
-96403
-46422
43211
-87350
23454
63768
-35059
-89885
-90873
95190
-44750
19786
1644
-93478
-32678
-47704
8518
-56117
-19447
20880
42820
-76906
59871
-30703
3796
-61471
-34542
76714
-10968
90824
-34912
21304
98226
47256
-66192
84149
74882
-65755
94996
-9820
84520
78944
86843
59566
50154
-50376
-47825
51798
65362
-52615
-18277
-81220
-33877
-94236
-4815
71734
-71616
5647
44188
16268
96586
1676
-7184
42163
-54186
74582
-35580
8610
25896
16163
-44206
-39917
83514
96366
-79136
-96228
-917
47713
-32311
41915
-63176
-22463
-1091
-26094
-65570
-2559
-21340
-68218
-20419
66730
-57412
22381
-14939
49875
-15172
49048
-89293
56297
-97985
-70391
-44916
28628
-57289
57457
-14768
-19101
-49720
-42802
92029
-78912
35786
-83007
29593
-72164
-73684
-35652
-1986
-4208
-24945
-61265
56235
15226
-94408
-28727
30931
58072
89177
10022
95887
-94224
88561
1955
93352
86924
-92993
-72895
49872
27522
71947
60213
-38068
-57339
-72505
87536
-2834
41847
38977
94531
28750
85630
483
68381
92573
720
-65779
-91198
48680
94247
-74212
16714
-97775
-87301
-38950
-25967
-88105
-68514
28104
81463
69088
-46320
36563
64232
-94359
66649
-47209
52227
-66794
21060
-74807
-3102
33648
40279
-17673
82505
-16435
50655
86649
-95606
7325
-79341
52479
-11965
34140
-70212
33359
-20834
-51815
-40494
-60194
-48579
-88878
84349
-54048
42984
-37955
-19808
70779
85730
10284
54570
34361
-72143
-59085
87687
34331
-86159
4711
-26871
10424
2224
-93570
72851
-55403
-24159
-6580
-39024
-92324
-16002
-25523
-22654
57087
-45273
78510
86073
98397
-95803
-89085
-77478
8906
43356
-92190
-68440
-5949
34803
45565
26437
-99196
58739
-14560
-16880
-6738
-38880
-56853
20913
84159
64420
93178
-37805
-20539
59242
85677
-17374
6659
87797
-91775
-82125
61045
-51650
26931
-94289
-82326
-98662
-68371
97482
-67093
66117
42837
85037
44438
34789
49761
-78077
80049
-43793
-9440
75572
-58008
-88128
-74907
-20371
52473
-71368
24278
86788
-68557
8041
-66523
80265
29882
-81363
-59706
-92454
-72057
92954
93509
65415
55986
93857
69695
90903
-97034
25414
-61931
-49003
-66276
5061
27697
3898
-30630
-19576
30716
33399
20585
70989
98636
-35642
-64371
-86370
-16507
32417
20764
-5543
-71950
-88858
-18365
67212
78142
-4727
-2480
89666
-86072
-31300
-20084
67519
55473
-21543
-10796
-96206
-87400
35584
-26889
-62975
10461
47441
-7962
2768
47214
6049
-50
-7456
88326
70164
-30886
-5792
-59705
-66369
-60439
65354
-53823
21290
-65119
-41962
794
29544
-44207
77800
59948
40944
13275
31784
81630
-33922
-56649
3144
35164
32663
-17342
14271
71281
-92537
12409
81036
-44018
12881
96609
54423
813
55704
20347
-72445
73555
-8357
-70026
25780
-32114
-38031
94567
-47764
-1892
-60161
-49496
-38282
78699
2443
-98667
-4603
-39827
72238
-58404
-25712
-90117
-53319
54020
-52028
82307
2202
86210
-69788
98439
8429
-46507
10734
-16489
-86717
-46938
80900
-89879
-55710
-12734
-19924
-88128
-45003
29994
77484
22126
74252
-27581
-80236
-33351
59001
-7916
-84061
99802
-70002
-38263
-7867
13924
661
60689
-68533
-51734
-67919
-19311
511
-5563
3135
-94147
-89051
25562
54355
59979
-73682
-16870
-2035
78665
-177
-47873
-76389
96718
-56394
81058
95623
56245
46293
-70512
44339
-62678
91321
87880
69290
-89686
85541
18888
56518
72074
-8754
-60128
1431
49244
-14930
6832
-58157
-80443
92309
1343
18681
50684
90514
4088
-20606
-48824
61569
-89529
-5086
47242
99294
97435
-54830
-22571
97750
-72719
-37000
-17065
-71424
32973
13934
21423
-21736
97060
85666
-33338
-20712
3020
-52640
-213
-58460
52793
46406
18144
36944
11304
79860
53250
-48478
-59534
-96255
-49171
-67699
-18719
41364
-87155
84367
66218
-60629
-9037
92997
92294
-14372
-17076
39815
-16488
10019
45781
97864
-95663
61507
-13302
54952
-43791
-53822
-85124
-77792
-19042
-95921
-17266
72915
72001
-3189
23760
-93727
74649
42927
84981
98813
72716
-28429
24999
43746
41613
57543
69769
-35955
-61238
-43987
659
67208
-44030
-90572
-98460
94146
1613
52438
-93280
-54079
-2461
-26924
82949
-38602
-62219
-73752
22726
-43957
-68335
-1891
-12904
-52892
-38120
19230
65188
33862
30654
41516
49613
-56842
29679
84394
99672
94733
-44494
47817
2263
32964
43648
17940
-64729
-97859
-75516
91821
35980
-13505
77959
87832
14848
98250
-38085
27057
23208
-30598
-3454
-45827
-95165
63085
-27310
-24940
-42945
23897
-19277
47292
-70592
36781
3624
58207
72315
54037
-20695
-93446
82075
93851
-2918
63985
-25867
-24949
75131
-9642
-15244
-72045
75930
10506
91579
77933
-8655
63196
8565
-34103
-39244
-27738
50993
-68020
-77298
-41057
41396
77394
-58747
54443
-29727
20706
-16069
56432
44766
25648
28287
-76648
-93431
34869
-14497
-86688
92344
6531
-76240
-55369
-64317
-29693
46725
-94474
3909
-70005
-80229
80808
85153
-35219
38450
-75874
9658
60421
-38523
57117
-62667
84182
-83315
-15065
-23727
73698
-37233
-90172
-37001
26203
16685
17823
7026
-17687
-59803
-77852
69808
67036
56713
-88501
-58223
-43810
20499
73064
-1772
-76594
11935
-84476
-18706
-53578
-99436
89382
-28143
93102
20692
-52608
57118
-80220
-39999
75025
44717
94717
-96301
7448
-33764
-65906
26538
94388
18542
15367
44043
59013
-89030
-87864
-34803
-32580
-12376
25495
16639
-66152
51478
-8028
64066
-93889
93565
-40833
19890
94478
-67784
-78866
-52102
-11794
-70479
-80905
35066
9013
85835
-31470
-7177
-48858
73343
48480
50734
-31
-60253
41149
-37510
58410
23235
-93689
4181
-76261
60679
41286
-51777
-76062
-73399
43733
-86590
59887
82470
95522
18908
-17661
-31648
56941
-50199
-1246
-70493
-44692
-26628
-45009
33594
-69855
-37018
20992
-37666
18391
20171
-5021
-58638
59395
16024
-27718
87495
80299
78848
-82205
12478
-52131
31709
5245
-65349
-24499
27425
-73098
-97662
33040
-57088
-41347
89947
-58524
69351
38862
-18703
96160
-10245
28790
-6747
59417
51085
-19210
-26892
-45488
63887
28020
-40603
55081
77748
-40658
96111
-97546
-70045
26250
-85255
-25384
5698
-97119
-18817
37708
-92409
12161
-79673
-87215
69907
-38961
-47552
82224
-58075
-60598
-27084
-2947
61319
-92648
-82686
67116
91192
-60377
60673
15206
61943
-64878
-63216
-5984
50989
-47339
-72787
-19282
9423
77119
-66104
80079
36469
-32986
-25003
-60454
-58693
-14923
19582
-34888
22543
42135
-98901
30395
46427
50437
65862
3805
-51907
-27443
-7302
23644
-99193
9450
72662
-84779
-90996
81322
72009
-85614
-30512
-4233
83800
-95391
-79582
59794
66289
98466
-7700
-4515
92821
70458
74800
-47505
2883
-73907
-20951
59308
-94054
-54202
-48456
729
-86715
16973
-87641
-14902
96743
16069
45632
79796
-85667
-36807
10813
-60616
-9938
-36754
-49142
88724
72048
-74044
3215
78189
-93084
99649
86318
-37296
66197
89135
94817
99152
-5164
72036
-10734
73168
-36605
-10495
-85843
56019
-86599
13439
-48439
-53943
-91876
28116
-2009
54455
-37615
39969
21876
-49157
64105
76658
48304
-15733
50451
51006
11697
36051
94864
38051
26501
9547
4119
-3864
-78050
-23997
-97343
-77567
-84623
85088
11778
-38989
1227
15391
43948
-35310
-17232
-85883
-50043
-57369
53955
1040
45151
-61152
68236
-47223
83935
8019
-24491
69725
40612
8239
-16502
61836
55082
94714
813
-5050
-48004
85869
-41494
-59405
-51425
-72994
-83711
-81347
-15626
32517
-1060
25123
76797
-86772
-95506
-77756
45240
-53154
17658
13295
-38616
-89471
16147
60788
67188
-1006
-80967
-43934
16272
18231
89164
72722
-49543
-58080
-79906
41225
36015
58126
-21801
-54411
-67085
30458
-57998
34927
43045
75724
-72309
56825
-520
-92873
80241
-98699
-29805
-82970
87017
66486
-98541
45398
69059
61599
-73917
-8792
-80789
-36346
92460
88575
-71140
-768
38774
1493
74514
20055
61566
-22068
19833
65470
54428
11017
53210
928
90965
48274
-6788
-86059
71333
21392
-65930
29562
71420
-30628
55885
89487
40653
19122
-73634
-84039
-41999
23338
49039
-27916
23511
35551
70370
-16282
70043
189
-72188
-44590
15135
72840
1589
-26865
-31396
-61366
4076
-8155
-65937
-65460
34477
-87185
-69991
-77074
3746
-18304
71039
31724
-22587
-55419
-90010
-67105
84247
-71145
-53875
-8619
32166
74643
-85997
-44999
-82870
-23713
8206
-28643
-96836
8291
-63322
19310
52727
97480
-61717
-87350
30287
-96322
-52838
21161
-93944
57856
90456
-95521
-95858
-64690
-42830
95626
4548
67429
12327
-98156
-75690
-24567
-50414
-17646
10389
-54676
-84502
79059
-62697
82739
-79420
49273
-40744
-37865
83968
-4041
-65311
-61713
90201
76055
-30356
88270
-258
-53179
17802
-1978
96292
42235
-40321
-39966
90227
76355
-76429
-1920
22048
-31892
30425
-67081
-24595
-43703
-65716
-2057
-76728
89227
59458
-89810
-5891
-82495
86339
65354
22675
91587
-49913
35695
8359
48892
32988
-64741
27380
33985
68173
9244
-38662
23257
-929
97873
99945
-94045
77693
49062
37739
-54149
55975
-28145
72483
-34620
-67866
87555
-95578
26214
45520
9965
10906
-52923
-79398
33460
84708
41698
-56305
-78996
-98906
-28134
-64066
10518
-18649
-28599
-91445
48542
94415
96899
44497
-53458
-1042
61366
3828
-31351
-85352
5942
-16257
84258
-75305
81492
41819
-1733
54836
-31412
-37942
-76555
-33612
32217
45526
50439
83500
87382
-97910
-6137
-91799
50242
86022
23225
-94232
80905
-58160
61387
-37870
32499
-95549
-89819
-58841
-60167
-81083
-90902
16922
-10288
4167
-73341
53557
50124
-72081
-42222
-87960
34209
-99915
6241
-40078
52541
-36198
4550
57549
34237
6002
-97698
-3477
-8770
-12047
94481
-33224
-71569
-51290
15492
52136
-22936
99827
68690
23152
14416
61140
56842
38248
99042
-66424
4178
-81652
-51870
-32725
-75330
53620
63935
-95727
-37703
76078
78168
50536
-17768
44308
37652
22226
-50123
4839
-68725
3901
-42787
-9656
-13056
55307
-9581
-55750
98001
-81412
-17591
-92336
2638
89188
-42484
52983
-21268
8711
-46377
27720
38620
-84745
-53704
-38856
-40795
45066
-48550
47788
-82118
43638
71420
-35652
-8881
75616
-87015
40138
34797
-80419
-7990
91934
-6225
-89814
74424
-47395
-35560
-76569
43649
18008
70178
-72863
22548
-37786
53187
20633
-30336
-71735
-11614
87595
43830
79188
75559
93347
42455
-85708
11519
72673
23077
-23925
-80279
96869
-77549
87737
15406
-67898
-8652
-32985
-41590
58905
-24654
-28639
-76341
68954
9047
22319
46306
33974
20130
-5106
-95821
-78247
95824
27341
33618
-64716
48658
-11123
14288
-71374
80069
-12742
-70492
19922
-37157
62344
-20138
-79944
-38425
28167
78799
-20441
-42622
725
-24246
-52516
-40020
25201
25388
85195
-12161
-61462
28844
7595
74512
-61699
-94556
-73082
-79731
3799
-57862
97529
-28414
-57762
-10730
-82261
-99227
-43563
82212
47968
27995
-54711
77017
5105
58576
-55248
-47635
-39564
-35748
-82443
-12164
92954
40384
13955
-79711
-63106
38315
-1476
-29484
98769
78626
-93252
71017
53971
-63008
-46125
-36301
-78546
15185
-39294
86627
79227
-15709
15638
78384
65955
-95653
81296
74958
-99760
44628
-19546
50740
-72141
97015
67292
39669
-36222
71482
42295
96327
-98872
-22310
77110
82418
57950
39671
93052
24173
88596
79092
-24165
37241
-7982
-25377
-86950
-87104
-4547
62537
-92936
67881
29357
-46719
51671
52142
1987
-84617
-63799
87400
-8192
89908
10445
-6835
-82440
-91464
-83701
13000
7253
73193
-24468
98258
51409
-90508
-71972
10543
26196
-64806
24819
-15143
71870
182
21811
-19292
-23314
-55412
23284
-11411
56546
-6054
14231
3893
-88323
90459
-17358
52042
72344
-12212
-45460
-29410
95523
-70364
49630
54083
-4978
-36085
21142
36553
-86268
63940
-7455
15905
7353
96073
75362
-33826
-76838
-88729
28335
50123
27694
96999
-20353
77844
16766
-92181
-91361
62545
-42626
64006
15932
-45287
94327
-48908
9557
98431
-60356
67075
-41306
-72530
76160
-63453
-1285
23904
-46891
-45366
48793
16045
72291
-2297
-86253
12525
92898
-5335
-64214
49020
-20783
-99215
-29372
91385
-79499
14197
-10997
-99728
52831
14760
22036
-37903
62224
-8641
-53240
-89581
-70406
-91338
-88867
-43288
-82440
-22021
30869
50471
-83417
-9101
94234
-42876
47092
76339
-51205
-32347
13536
-74636
44966
-53818
-29360
-14406
-40608
59702
-77667
-73820
-15618
30054
-20790
-51947
51848
30536
-40241
42126
41885
-69777
-45916
64143
-2145
31602
97001
-57668
-60946
73038
40645
-30776
-55473
92732
49839
-38495
68850
75859
-47881
93996
76276
-33321
32523
-56042
78889
83509
-53254
-92213
-75595
-77358
49839
17998
16186
78368
-52591
-40205
25620
1125
-21478
73605
79612
-67649
-54855
-90555
-35138
-63896
39933
-54634
30472
-4992
56762
-47136
-94426
-16338
-97328
40354
-69027
47946
90565
-2096
70122
55395
-20489
95924
93229
-23459
-9797
-18883
-19399
85164
-51163
36020
38481
-23623
-10110
77612
-53505
-96542
-58629
-39766
1742
35818
27549
22749
-65038
-64510
-23079
-92254
-12546
-80609
93005
-40272
-77461
-15069
-32564
76953
13246
15522
-96920
-1221
-83338
-20749
-72651
60208
7344
38558
-81726
-32858
83072
-36509
47171
-47054
-38459
36441
14030
-6904
-23725
-65299
1701
87855
59767
61630
-74187
-66417
-85273
-71823
-81764
-54304
44030
-66276
59194
-15374
91478
60083
-73614
-71953
92548
19434
-9537
56686
48489
-83570
3554
-62147
38475
27559
66193
-28339
-92681
-60692
57686
-39303
94723
-93829
39207
-34887
82654
-81181
-65069
39518
71244
-93617
20865
79565
-1844
63651
-62006
80846
-56703
5991
79666
-73570
-71494
4101
-77675
-48319
-19879
20299
63869
-68514
91752
57899
-20195
-44014
52070
-55147
65855
24497
-4905
-17340
-68062
54967
-55877
-483
85355
-5202
29241
79693
95902
45193
-76080
-36612
-65968
55357
63883
51382
-71613
-68943
-569
-62448
62014
-26835
95516
-31166
-21029
-54552
88611
13625
35531
-70090
-62464
70470
-84556
37642
-97715
61412
-3635
41923
89012
-53036
53549
-40607
-86826
-3044
-26259
-58403
66345
41338
69822
-95146
-89025
-31891
-88045
71003
98006
-61748
60725
82554
23193
-58709
5541
92287
75559
41259
-48895
-31091
53545
-39158
-31904
-2725
-34075
72832
12662
6444
69398
-41169
72923
24017
-56545
-20533
74082
-99626
-24902
65966
-29824
59509
-24359
36567
29953
-28900
-37630
-30900
-44446
82628
-54318
-74465
-53060
-75246
72713
-15391
11211
-45997
-27873
-33550
34305
673
-99426
3026
95000
18316
17708
37138
77277
90936
-80601
-56637
48136
-44146
69386
-41495
6818
43068
98595
73851
51225
-39118
46002
-32384
73049
2722
-21903
49958
-82374
14478
-81855
5314
93881
-29895
91910
-56844
-44655
-18382
-5219
-28163
-43354
-77956
-73007
61857
75380
44177
74235
-33365
16449
-50495
-4321
-12067
67052
71027
-98430
96837
61081
29064
15473
53271
13237
16047
-82464
93598
-30456
79204
-17425
14065
76007
842
-65893
-35608
-49943
-50754
-26785
-85547
-96952
-52672
41574
-6551
42830
-30750
99712
46522
65628
-64223
89578
51591
52596
-37814
-68366
-20460
85673
1580
97100
72359
-28448
-82955
63249
-22809
76578
78504
-61919
5906
-43015
44533
-9819
88665
28393
40411
61187
43658
82484
4884
68066
-20764
-35731
-24331
97617
91160
-21173
-57971
-7904
-65919
32755
-38032
-38335
88430
-32873
22731
-87081
-67197
-26381
39784
-78840
25990
93153
-51853
-43572
22844
64175
-35072
77893
37142
-41594
9488
-27453
-75547
-48537
-69123
51269
30559
-43674
-28902
-70537
30453
14473
81323
7560
-72144
55688
-3408
86163
-16133
-91606
99784
-75653
-86062
-50047
91619
-93388
-42915
48170
38787
54391
-64244
-38290
-40673
-29631
-55202
16211
-62029
41188
54673
16579
46878
20523
-49917
-98234
-68384
39690
-15267
-49784
-22940
-53335
65131
31547
51320
78183
10069
79820
52353
-6007
2010
-81175
74112
-10909
4832
-72294
-70034
-26183
99548
13491
-89808
20091
14747
-33716
69475
17228
-26868
-98167
-64718
12640
-8536
-33629
96769
64619
79740
76665
3378
27902
-78754
-99133
-7349
51571
-82814
-94062
95890
33364
-22946
-14105
-3424
-24539
92570
-77373
-96721
14243
-4701
36979
-65193
3859
42785
-39021
21417
79943
47817
74438
-12813
-92748
85482
53997
96539
-23269
3985
-38492
52459
37130
84480
70327
-50386
-46640
95245
-41755
10792
-86494
47563
-66331
94015
27709
89990
-28887
-92694
26615
-49536
-18168
87237
5423
92633
-42122
-49799
-86694
-89345
25802
12134
58818
38716
-28767
-3117
-85103
-49577
27711
46675
28153
79102
13638
43136
-95082
58146
-73974
-42383
-76930
-17038
9741
-73283
12336
32017
14897
-37951
-3258
711
4033
54806
74226
-5019
39496
89462
-48856
68250
58190
7838
-25337
-12195
-22550
22186
-34296
-5806
40818
94093
40565
-78250
65200
84006
-21789
-3846
-75978
46774
99956
49891
67764
43144
-18759
85653
-73064
-26564
39587
-74116
-81097
-87790
-60140
67049
-49565
87299
14280
1991
-88030
-42666
-35274
-66229
-70926
81118
68298
-89725
-66195
-7929
-33385
-69553
-88892
-3347
-48835
5474
44751
88078
-44530
91052
95680
-73756
28795
-12167
14229
97152
-63579
32601
95435
97515
-87393
-41694
55148
-370
-91319
2797
-88966
-89000
43372
-44085
-21811
-64665
31335
-49383
-39830
-53800
-8308
84683
30074
-26411
7044
-31664
-9873
-31865
-32286
-38697
87425
-37395
23820
-36070
41567
-59812
74694
-24548
78007
55677
16362
3771
205
16547
-69587
-98534
-4405
-97866
28557
31296
3386
-71655
-50845
48976
36655
-52258
-97996
-46495
-16090
11681
-9747
-38643
23583
61585
-29211
11488
9848
-4230
83748
-67815
-24929
-19453
82425
28956
-94259
-70150
78435
87597
-59055
-24163
-16043
-17639
18464
-99175
74967
-47065
73112
-39422
38084
-32949
81059
-52153
-40032
52419
99842
-29560
23960
-81604
-76970
-85503
87310
-57524
81031
-78571
41356
-53719
52154
-48121
-21453
-40872
76224
42204
27026
12070
48025
99932
-62250
35871
57326
-83495
59758
-51968
64246
61201
72515
-40055
84395
2839
85479
-41424
355
-29944
-99948
88818
43795
37783
15671
-90279
3179
-58012
-70187
-28742
-33053
83190
27494
22331
76304
97171
-64305
64309
-89776
-46667
-51385
98358
-30150
-17931
47967
99336
76624
5913
79159
73286
-5851
-12802
-62771
-85082
22900
2822
-58027
80295
12574
26651
-41629
23466
68764
6253
-64198
-32187
50619
-81132
-55862
97649
-63766
62405
9466
4562
-25415
61905
80771
-10752
-64563
-11823
87662
48807
-55567
44478
83337
-82538
-36634
-38950
9419
42281
9795
-2025
61253
-70006
-69901
8739
-98915
-37204
-74232
-34773
81643
59751
9186
-82643
-46609
-54483
61911
41243
7546
46720
4782
78495
-45669
-40678
37206
-1749
52590
68836
82413
51552
-57842
71659
52153
-66467
-87192
-38431
48886
-49343
-83785
90594
27024
4141
-52033
9383
26581
-48131
-3681
94334
79703
-16068
-51431
82842
-72073
71034
75944
-98513
95649
-74137
-48778
15750
-14762
-7660
20404
-18720
-37789
33679
-82160
96098
-92109
-5601
83486
-73501
-57330
18549
-94063
43437
57430
-91840
61913
-37792
54646
-74680
-53934
16865
-24249
-95165
69439
89347
70253
71369
80159
-48166
64657
-40639
-47749
92978
56171
20195
-16046
43146
-71059
37161
24225
76899
-26036
-99731
-28111
-83934
61977
41606
-55308
60895
-98426
54798
14189
81340
85680
-86691
5443
94878
26624
-4232
29553
-99028
26199
-91100
-12248
-79074
-83949
55735
-91695
33922
25093
-95825
1807
-77445
76021
-79417
36095
61703
-86422
17896
-41420
-54104
54885
44176
-27038
-26066
82555
20732
37754
-63688
-21885
53012
-92676
-25998
88175
-91385
-38363
-39011
-99374
25641
66812
1352
20217
97306
-11200
24868
80657
46086
-88477
21315
53371
-89821
-13147
-22243
67793
-84872
56625
88837
96504
19491
-82679
-59861
44762
76951
62200
-97229
97244
-13786
-2391
66239
-49383
-45448
-30796
98049
48428
69846
20943
23528
86885
-53279
46876
-37263
-55745
43273
22780
-68466
14495
-83858
40850
-37237
-34110
-82642
-39969
16733
84473
-11170
-5375
-5359
22491
-63622
-45937
-64628
61740
-89062
-80632
67722
-23885
36194
-64163
-3890
-91991
88821
-56257
-29164
57606
4504
26374
-12302
-96846
55343
-35349
-95296
-46320
83868
42638
38489
-9646
-21900
-73420
93094
-81346
-18148
-80759
-47841
49082
90594
-45796
99796
-77477
-9679
-95608
13552
18646
16007
-56776
-28083
-20369
48074
20152
58541
-14394
62547
39688
71724
-8631
-21150
34654
92364
76484
47719
-57968
89171
-68700
44131
91171
-33324
71400
-64785
26548
-14781
-11517
62875
-18280
79118
-66624
16654
-3787
1053
-16949
-92374
78922
-98087
24374
-39457
-6164
-16692
-90558
-97551
-74933
-14070
-97231
98775
-5742
20899
5621
-48157
-74212
-14656
-66606
12753
41980
77072
-53651
-15243
-46772
-65683
54023
-22597
-3991
99419
-28420
88387
911
-72664
-64740
-63917
-7289
-41353
26970
48788
28977
-42428
-60512
-21886
78596
95177
78540
20697
-68963
64447
-76887
11023
-87710
69684
-8450
-70477
-32904
49310
21451
32260
2526
-46497
36272
92546
-38514
-97820
69635
-3541
-95857
64779
67897
7198
60525
14093
-50330
84484
47686
-5177
7754
50967
16673
90677
-53548
51334
-37139
2670
50065
-96437
15631
52010
-2807
-92498
-13891
-33621
-19166
93068
53337
69629
39588
-75037
-22932
48401
-52114
34733
-18460
-48341
-87756
40551
7369
-89732
94808
67998
-83622
-24460
-61075
-374
-3017
-39491
-14861
-37270
5073
69470
10721
8590
8294
4735
81105
-85346
50422
-62350
-26399
76429
-93882
-44401
71323
30189
-44882
-91642
22804
27003
-7446
-24314
49222
67302
87190
82027
-60262
47360
17825
-85848
55167
-12601
3033
-28595
99264
-60949
24859
99731
44286
-82911
-5471
-67006
-5607
98472
20663
-88528
-13327
67980
-72567
88225
8727
74980
99256
-31040
98328
21534
-35953
74574
28564
51951
-41332
-48226
60253
-45419
92911
11381
-91340
-13461
-11350
-36119
1260
-72923
13959
-64310
-20751
72244
27834
-47623
60454
26851
86893
-34604
1764
37555
34801
96311
80083
32060
11615
27923
-52338
-92818
22785
25135
-5879
-27318
27497
13536
-68588
80369
19532
-27993
-22178
58790
-11089
17595
-99831
55636
4382
88241
55962
80024
3911
4627
-55440
26991
86658
88081
4446
89983
-85103
44084
-1039
7849
-69155
-47196
-18826
38601
17404
-61116
-47020
9755
25845
-29805
55785
-21275
37670
-15171
96906
-96209
-76170
1804
-97272
-63846
52524
73529
-71244
-87057
-81041
-44009
79562
4798
-11394
66475
-4158
-23497
11713
75335
44494
-75428
-34188
-68424
-27076
96727
77483
57392
-88628
-23099
62895
90540
4698
6803
78443
79225
-98194
-11359
-69342
67553
-91181
-63901
-46347
13879
-70324
87806
89692
-19923
-47093
59177
89415
38024
85658
-99565
-57484
-82134
-55904
41085
-12744
37440
53689
-1534
-54097
-24418
-81074
-74270
-49328
-54850
-44342
57487
-65559
-47994
-83960
26442
57570
-65255
-13006
-51899
73362
-47874
75258
58239
-88084
-59988
36271
-63818
90799
-83448
-5332
79868
-58656
4352
-78375
86431
18196
-54382
-52068
-1488
-80690
-13578
-14392
-21302
-4615
50068
47761
58713
-75066
38866
-16679
-62159
-33439
13813
-58203
-38302
2866
-17142
-18677
46563
30313
-98727
44690
14035
-64537
-25773
92737
-19819
91603
-33877
-62182
-21779
8990
4299
-20249
62361
4054
85937
75419
11288
52576
408
58619
59925
-42757
-9917
-30309
53129
-76681
-83696
-11678
47184
-35289
-18278
-96702
33561
12956
6460
15274
-69018
-87948
13690
-27183
55334
-37758
58038
73431
29566
-8811
21308
5920
30822
8104
9281
-46026
52963
19016
47255
-32093
79288
-77450
98565
58836
82973
45546
-78918
-23312
17898
-8633
16441
87500
-36547
39790
-58516
82435
49961
-49561
-86450
28571
70539
-6438
58120
93144
-95403
69886
11310
85095
61505
47933
-76686
58999
-12234
-93782
77432
83267
80222
91596
-84599
32668
4663
11260
-71558
-67848
-76155
-34936
-19139
-10264
-21926
56236
68602
41756
30763
-66010
-12843
-13813
-31577
-67912
79582
-5501
-97327
41270
60784
32953
83390
-38781
-20043
-26854
-13584
-60694
75786
76883
82968
4359
27656
-54964
-18813
41227
63497
-40180
-97500
-36911
-96494
-47016
38104
-60356
-92404
92586
-24012
17826
64126
16495
76821
-8819
-71480
4746
22551
96286
22559
-48792
-41327
-40234
80913
71865
-35085
-27326
11747
84039
-30490
74894
26872
34153
-27734
-80612
-42981
-40767
-78548
42088
-9243
37551
59299
73807
-40324
-51180
59681
-32237
61155
34198
98343
91547
22952
-31074
11749
-8885
22090
75627
-14734
29640
-45872
37455
66579
-32637
31285
98780
-25465
-30563
-23425
-21584
-7876
-42862
5947
98951
-57814
97532
-29930
-67072
-56041
-70982
-24082
-19326
58174
34223
79073
-98449
-24646
34443
-58658
39671
-84107
-51678
-5744
65016
-34122
15090
-82962
41724
-68140
-18359
-36667
70717
68601
-17650
80078
75076
-55239
93887
88869
61371
-13362
-53766
30820
52525
19865
87625
-36869
-10508
13526
13554
97111
-62993
-30058
-30619
66588
50200
65808
98403
85982
70116
-56657
-19804
-44995
99158
-73181
-4124
-81987
36974
-43290
-69099
-39758
-99048
91314
-83516
70553
-72689
-52938
-73858
89310
-69008
-12913
44279
19180
25256
-21856
50988
46179
-34353
-23792
-84685
-89540
-97661
98360
5941
5332
32380
31525
51665
1030
69820
93023
21994
43680
30161
-29443
-80394
25114
-70304
-28107
28860
-16315
43971
-20193
33427
-98943
-70085
-54676
-96694
-55715
-48759
19133
-80110
-36261
-77033
-41825
60790
-74576
77134
70719
-57236
-18680
-3604
-94676
-83281
15249
-84390
31311
-51047
-25123
-31810
30957
-17585
-50186
38453
-50433
71007
-29820
-92996
5983
18637
77505
-33356
2172
-87519
-9159
-80574
71229
-43321
-16187
-65165
-14607
-62915
80833
-24650
-65249
4318
19716
19090
-42573
42485
42137
-43871
-65953
66538
488
18072
71487
-64618
-43276
28548
-71473
47370
-30504
-64816
62488
32360
95711
14378
-33120
-4740
15355
-49933
-57091
84157
87232
96348
94695
63252
-15507
45600
49860
-34137
-17314
40022
31543
28553
81879
59332
-58983
61724
18367
-82263
-94580
-73176
-55161
-89492
-22876
-77866
660
-85932
84335
-7733
-84075
-18166
43908
-68622
46648
-18759
1740
-67743
-98078
7378
76207
-75921
49031
-82960
-52210
68143
-32714
-66103
-77498
-10729
-60100
67004
-62661
15216
-91238
-73104
-75376
39282
-67850
-11328
52861
712
-49292
61592
24889
-53908
46823
78540
16507
36402
38113
16653
20671
11012
60968
-46613
61366
-59278
-99353
7295
56514
34206
20149
-81115
15082
-64689
26220
-20033
-24347
65357
-15523
51048
-84809
3885
15264
45346
-97960
-16161
90038
63143
81719
28300
-89610
99793
55624
-19846
76286
59878
-35067
-80043
4735
26442
81485
-71697
-91951
-17245
-25285
-52750
77315
-33096
-94492
-41774
-1495
-41078
-74193
40683
25326
-93061
81310
-1501
54008
85064
-48842
97614
97674
46269
45676
-98648
26033
29142
-85307
15132
-57521
-14361
10633
-62810
92620
-64160
-62798
66907
-49628
-54090
25348
56493
-42943
2545
-18644
-55120
-98925
28037
-24350
-86681
-2254
81719
-864
-71491
-11275
76587
-9618
-87740
41091
52742
55595
59214
-17450
-5580
-15942
-81928
-80152
25809
81495
12052
-2526
-10089
17894
25355
11567
88914
-8983
46608
-9374
-20181
-34742
39237
74351
-13552
98054
22538
-71891
-35471
35425
-29919
-80857
-68824
22077
-7648
40675
40026
91085
-7373
28610
-27231
-85748
-3805
62536
-18970
-79732
78566
-91520
-34929
73912
8137
-54108
-34715
-61960
-88217
-49200
-73387
33757
-17825
57849
-91990
-8247
157
50232
-89505
89857
36371
37716
99427
-76827
-41643
63983
-3805
-14384
79569
-25881
79247
-94830
27440
-3299
55795
-98576
-38609
-55392
-59615
21984
13833
46773
13568
-23989
55457
-21220
-79449
51620
56314
14616
-78885
23799
64635
75716
58175
-16365
-4002
-32442
89527
-8410
-73556
-29364
-16874
55848
40157
99299
-26119
8685
35244
-33802
58283
-86685
-48299
-29708
-89264
85416
-57959
29994
-43450
17750
18272
66674
89235
-95510
-96336
-33076
90253
62649
57912
-72826
16698
-16533
73719
-72727
-97845
98418
-98827
-41459
-60312
-14848
-10584
93559
86448
88880
67856
71301
87366
-58939
-87100
31518
41102
92114
-23397
-60178
2546
-3196
47003
-53002
-83755
-81966
60383
36114
5563
-88160
-40992
-19260
-84178
35166
-16633
2878
-78201
-41465
44387
56395
70657
-70951
96308
30724
-72394
94296
69942
27226
41358
62252
-88937
93972
60564
-46967
99233
23989
31220
97971
29913
-60292
93886
-49432
-29937
-37102
39527
81550
53159
90991
46656
-64857
-14392
-48786
-6585
-41424
60011
-10182
-7102
-20434
-17353
-33444
-99855
-69368
-44989
40756
-98951
-53617
61790
-63334
79269
39202
4440
-33707
-11562
-97671
-89007
-55708
-45401
85928
-3792
5084
-57998
-71592
51415
91182
66467
97649
-98710
-94772
-61120
21151
-70275
56531
-98688
21496
-2624
8524
-44369
-54035
-98322
98097
41378
-67843
98185
-57192
66699
-998
-38870
-8265
59234
-24351
-99588
95520
62724
5837
93574
35457
-96527
-57175
29616
38660
93469
-43566
-54474
27272
-7644
70575
83222
-72969
31619
-27611
-96648
-23066
81696
34592
78483
-89434
38214
19046
23480
84520
-73959
-27759
-98045
-11688
-68224
44205
-18030
-78897
10947
-77400
-11326
91749
41734
44547
-4990
11949
39943
-89090
17796
-94901
75832
55093
61299
88119
73088
58518
-47027
-48078
-15994
-46928
-93610
-51510
56939
65914
71025
-91654
45805
-3403
32451
45413
13126
83979
5361
51547
-86049
-49272
10433
43670
44455
-83660
83236
-36950
10423
-83265
-46021
82706
-57667
-64183
-37676
12651
-96051
67377
-47997
8494
-56093
-20704
-57687
19936
85707
61940
4181
60943
34770
-17526
66275
-17396
-99295
34515
87659
24930
-79902
70596
-91104
-18337
-71467
26786
-67944
7729
-14775
-26396
1191
66888
77538
-30338
-78456
75057
16372
73592
-63142
47426
-40525
-31403
33144
-21984
-72955
-91445
-15124
-4795
58869
37382
9691
38348
12163
-49071
-82170
20863
-46222
-40374
-92600
82448
38780
98542
30118
838
-10343
-87156
15659
34447
-61484
-91774
81381
-12798
38826
-35469
76372
-43690
29480
64360
-65032
-48816
-10062
22243
81805
-62309
34571
-93190
70220
10902
25680
-14937
54414
-81211
-34394
-22397
77250
82310
-24685
72928
-84720
-58392
-99771
-90620
-5811
-90596
-3280
8768
-10053
-45238
49733
-70885
-9827
34411
-30518
49492
-15406
31030
1710
-57274
31134
-9262
83373
-12276
-15674
96421
30443
53058
-58636
-50195
-25804
80703
-71089
-19951
-9341
-14394
-10533
72576
57191
-39518
78563
91580