-999604
-999559
-999101
-999063
-998730
-998429
-998419
-998042
-997955
-997932
-997378
-997316
-997233
-997192
-996879
-996759
-996689
-996476
-996475
-996234
-996082
-995658
-995645
-995604
-995380
-995262
-995136
-995115
-994216
-994008
-994000
-993988
-993874
-993789
-993765
-993431
-993234
-993158
-993154
-993018
-993014
-992977
-992858
-992748
-992685
-992596
-992324
-991949
-991670
-991614
-991468
-991424
-991127
-990878
-990541
-990522
-989979
-989879
-989610
-989146
-989014
-988908
-988788
-988482
-988400
-988252
-988252
-988222
-988085
-987539
-987213
-987050
-986851
-986685
-986306
-986166
-985926
-985614
-985463
-985392
-985008
-984904
-984882
-984694
-984668
-984347
-984321
-984182
-984155
-983921
-983708
-983687
-983292
-983207
-983059
-982753
-982487
-982404
-981536
-980998
-980871
-980792
-980783
-980672
-980318
-980309
-980297
-979875
-979668
-979350
-979335
-979328
-979125
-978785
-978367
-977757
-977383
-977334
-977168
-977081
-977073
-976721
-976642
-976595
-976133
-976052
-975737
-975713
-975307
-975228
-975131
-974692
-974658
-974607
-973742
-973425
-973326
-972838
-972622
-972129
-972003
-971677
-971486
-971293
-971132
-971095
-970935
-970843
-970324
-970279
-970211
-970152
-970122
-970000
-969707
-969590
-969389
-969246
-968840
-968789
-968520
-968497
-968380
-968373
-968281
-968054
-967626
-967608
-967479
-967412
-967405
-967065
-966887
-966875
-966743
-966003
-965721
-965363
-964936
-964659
-964581
-964394
-964154
-963530
-963350
-963214
-963120
-962401
-961880
-961693
-961304
-961209
-960453
-960279
-960139
-960110
-959998
-959889
-959506
-959201
-959145
-959071
-959068
-958701
-958597
-958489
-958377
-957860
-957620
-957514
-957189
-957182
-957163
-956978
-956857
-956112
-955792
-955771
-955665
-955206
-955138
-955060
-954906
-954776
-954678
-954545
-954483
-954433
-954414
-954170
-954160
-953868
-953800
-953535
-953326
-953259
-953212
-953122
-952932
-952927
-952520
-952382
-951851
-951810
-951753
-951579
-951539
-951485
-951405
-951386
-951374
-951252
-951179
-951114
-950014
-949810
-949477
-949397
-949371
-949350
-949128
-949124
-949026
-948801
-948474
-948453
-948259
-948195
-947929
-947422
-946817
-946706
-946095
-945675
-945381
-945275
-945097
-945004
-944952
-944773
-944695
-944604
-944415
-943940
-943743
-943691
-943295
-943179
-942809
-942658
-942319
-941991
-941895
-941885
-941809
-941615
-941276
-940987
-940797
-940266
-940210
-940157
-939333
-939098
-939097
-939046
-938856
-938794
-938700
-938377
-938305
-938021
-937368
-937274
-937030
-936973
-936536
-936500
-936364
-936304
-936267
-935900
-935875
-935645
-935616
-935404
-935256
-935199
-935079
-935059
-934938
-934903
-934562
-934085
-934034
-933813
-933657
-933597
-933485
-933444
-933217
-933071
-932793
-932761
-932723
-932606
-932534
-932406
-932010
-931885
-931866
-931813
-931763
-931714
-931332
-931322
-931151
-931086
-930892
-930761
-930679
-930408
-930140
-929866
-929734
-929591
-929584
-929429
-929384
-929264
-929110
-929036
-928548
-928481
-928444
-928223
-928205
-927805
-927539
-927492
-927357
-927224
-927119
-926928
-926771
-926483
-926337
-926293
-926004
-926003
-925801
-925612
-925609
-924815
-924718
-924496
-924416
-923984
-923708
-923436
-923030
-922337
-922000
-921853
-921819
-921756
-921700
-921563
-921563
-921448
-921207
-921084
-921078
-920962
-920767
-920697
-920545
-920477
-919991
-919967
-919862
-919632
-919585
-919458
-918943
-918764
-918708
-918672
-918602
-918481
-918433
-918039
-917688
-917210
-917080
-917066
-916887
-916560
-916466
-916188
-916156
-915692
-915584
-915392
-915323
-915173
-915046
-914745
-914733
-914586
-914475
-914428
-914348
-914069
-913918
-913496
-913245
-913141
-912935
-912337
-912041
-911960
-911844
-911837
-911596
-911168
-910897
-910884
-910669
-909918
-909845
-909839
-908954
-908220
-908137
-908135
-908108
-908049
-908041
-907934
-907301
-907202
-907147
-906848
-906711
-905847
-905818
-905789
-905596
-905574
-905499
-905441
-905419
-905407
-905010
-904745
-904626
-904550
-904467
-904168
-903437
-903416
-903254
-903126
-902836
-902696
-902630
-902616
-902600
-902539
-902457
-902099
-902058
-901905
-901897
-901677
-901403
-901314
-901192
-901159
-901103
-901097
-900710
-900557
-900195
-900155
-900026
-899999
-899700
-899646
-899578
-899458
-899218
-898877
-898613
-898371
-898089
-898017
-897898
-897564
-897555
-897429
-897414
-897346
-897299
-897254
-896946
-896582
-896468
-896466
-896030
-895956
-895848
-895709
-895398
-895208
-894775
-894675
-894576
-894496
-894076
-894061
-893442
-893433
-893409
-893281
-892557
-892461
-892153
-892087
-891832
-891814
-890875
-890834
-890819
-890743
-890716
-890488
-890275
-890264
-890146
-890088
-890003
-889957
-889430
-889310
-889196
-889157
-888858
-888786
-888758
-888635
-888555
-888505
-888418
-888274
-887862
-887827
-887239
-887201
-887022
-886999
-886552
-886329
-886244
-886038
-886001
-885746
-885698
-885538
-885536
-885435
-885326
-884918
-884773
-884755
-884591
-884344
-884098
-883843
-883790
-883646
-883351
-883239
-883142
-883086
-882898
-882799
-882489
-882201
-882124
-882062
-881730
-881596
-881413
-881406
-880251
-879970
-879627
-879539
-879489
-879399
-879269
-879008
-878803
-877851
-877849
-877436
-877221
-877176
-877127
-876804
-876781
-876606
-876193
-875620
-875483
-875450
-875357
-875232
-875229
-875091
-874475
-874414
-873968
-873890
-873815
-873379
-873181
-873016
-872939
-872581
-872554
-872441
-872216
-871834
-871830
-871827
-871723
-871486
-871380
-871343
-871324
-871121
-871101
-870978
-870649
-870140
-870121
-870033
-869911
-869571
-869436
-869202
-868829
-868819
-868802
-868645
-868418
-868160
-868117
-868071
-868047
-867940
-867918
-867588
-867513
-867200
-866957
-865613
-865276
-865249
-864658
-864542
-864451
-864075
-864044
-863629
-863586
-863554
-863054
-862923
-862726
-862591
-862243
-862152
-862144
-862077
-862063
-861756
-861535
-861335
-860855
-860772
-860475
-860331
-860264
-859690
-859543
-859396
-858861
-858803
-858547
-857588
-857525
-857214
-857128
-856939
-856905
-856823
-856794
-856610
-855803
-855548
-855043
-854855
-854742
-854251
-854151
-853919
-853892
-853338
-853253
-852503
-852268
-851966
-851939
-851924
-851907
-851557
-851464
-851326
-851015
-850295
-850086
-849942
-849932
-849780
-849644
-849269
-849027
-848836
-848785
-848704
-848549
-848253
-848168
-847989
-847724
-847430
-847222
-847113
-846913
-846869
-846859
-846843
-846126
-846094
-845899
-845871
-845643
-845176
-844893
-844418
-844171
-843919
-843902
-843660
-843624
-843486
-843338
-843101
-842697
-842663
-842544
-842528
-842487
-842457
-842376
-842310
-842243
-842181
-841913
-841626
-841575
-841269
-841212
-841170
-841016
-840420
-840290
-840209
-839352
-839251
-839198
-838969
-838943
-838920
-838696
-838376
-838296
-837931
-837606
-837583
-837396
-837130
-837110
-837029
-836877
-836872
-836868
-836691
-836441
-836121
-836067
-836011
-835927
-835922
-835047
-834911
-834530
-833657
-833469
-833038
-832701
-832157
-831960
-831310
-830410
-830361
-830354
-830124
-830065
-829549
-829369
-828853
-828494
-828461
-828296
-828278
-827929
-827681
-827237
-827096
-826942
-826691
-826592
-825910
-825618
-825523
-825516
-825085
-824867
-824823
-824672
-824641
-824606
-824501
-824475
-824366
-824249
-824028
-823878
-823763
-823431
-823377
-822626
-822619
-821830
-821799
-821425
-821283
-821147
-821092
-820976
-820946
-820490
-820350
-820297
-820006
-819963
-819497
-818885
-818491
-818250
-818219
-818157
-817991
-817380
-817302
-816955
-816807
-816787
-816688
-816508
-816504
-816392
-816160
-816130
-815908
-815758
-815218
-815148
-815131
-814832
-814617
-814411
-814327
-814324
-814073
-813919
-813638
-813608
-813539
-813430
-813285
-813234
-812483
-812444
-812059
-812007
-811936
-811817
-811808
-811724
-811599
-811515
-811457
-811397
-811269
-810990
-810891
-810607
-810116
-810065
-809910
-809844
-809775
-809729
-809279
-808848
-808545
-808116
-807921
-807836
-807689
-807673
-807572
-807460
-807309
-806933
-806176
-806056
-806043
-806031
-805781
-805270
-805173
-805173
-804978
-804879
-804645
-804609
-804600
-803478
-803286
-803211
-802780
-802561
-802165
-802045
-802031
-802006
-801832
-801524
-801511
-800537
-799612
-799551
-799153
-799071
-798865
-798754
-798617
-798551
-798511
-798445
-798298
-798271
-798221
-798142
-797812
-797737
-797299
-797283
-796396
-796087
-795957
-795915
-795406
-795058
-794681
-794624
-794470
-793843
-793751
-793594
-793469
-793404
-793378
-792817
-792239
-792153
-791906
-791893
-791801
-791743
-791644
-791551
-791074
-790986
-790976
-790968
-790539
-790476
-790057
-790025
-789947
-789811
-789669
-788845
-788073
-788049
-787584
-787577
-787548
-787543
-787106
-786936
-786866
-786654
-785979
-785902
-785713
-785672
-785029
-784493
-784092
-783930
-783811
-783555
-783198
-782740
-782690
-782509
-782293
-782153
-781911
-781832
-781396
-781326
-781075
-781032
-780584
-780579
-780525
-780479
-780356
-779733
-779524
-779329
-779111
-778949
-778774
-778523
-778490
-778454
-778409
-777964
-777780
-777651
-777247
-776981
-776910
-776850
-776521
-776501
-776436
-776221
-776213
-775901
-775847
-775721
-775515
-775434
-775379
-775098
-775095
-774886
-774656
-774655
-774650
-774564
-774478
-774434
-774014
-774006
-773872
-773826
-773222
-773137
-772971
-772890
-772583
-772578
-772545
-772094
-771867
-771598
-771451
-771320
-771151
-770959
-770355
-770097
-769958
-769846
-769560
-769460
-769327
-769304
-769259
-769249
-769103
-768681
-768605
-768016
-767900
-767744
-767695
-767213
-767186
-766827
-766075
-765836
-765633
-765593
-764732
-764642
-764625
-764457
-764190
-764075
-764042
-764006
-763882
-763836
-763755
-763264
-763256
-763004
-762695
-762676
-762464
-762380
-762104
-761717
-761627
-761277
-761248
-761205
-761152
-761142
-760836
-760340
-760321
-760204
-759547
-759435
-759317
-759203
-759092
-758887
-758513
-758455
-758006
-757577
-757323
-756695
-756418
-755862
-755696
-755405
-755056
-754802
-754510
-754113
-753908
-753767
-753697
-753620
-753454
-753191
-752949
-752725
-752589
-752336
-752320
-752029
-751955
-751508
-751152
-751135
-751064
-751021
-750918
-750650
-750644
-750634
-750158
-749657
-749548
-749286
-749067
-748904
-748881
-748848
-748813
-748810
-748489
-748183
-747878
-747620
-747590
-747427
-747371
-747190
-747022
-747003
-746916
-746913
-746676
-746629
-746627
-745953
-745868
-745820
-745789
-744866
-744633
-744421
-744279
-743931
-743717
-743717
-743711
-743627
-743613
-743348
-743278
-743020
-742787
-742511
-742323
-742237
-742187
-742040
-741966
-741824
-741774
-741767
-741706
-741603
-741393
-741356
-741207
-740885
-740611
-740362
-739928
-739860
-739787
-739614
-739451
-739325
-739025
-738850
-738448
-738127
-738036
-737882
-737866
-737860
-737435
-737023
-736296
-736109
-735565
-735458
-735404
-735321
-735289
-734781
-734702
-734126
-733887
-733859
-733805
-733680
-733497
-733328
-732974
-732922
-732868
-732777
-732719
-732719
-732646
-732617
-732553
-732534
-732363
-731559
-731554
-731497
-731485
-731330
-730948
-730696
-730616
-730080
-729738
-729700
-729271
-729257
-728731
-728530
-728515
-728292
-728214
-727915
-727635
-727322
-727158
-727094
-727063
-726881
-726751
-726699
-726299
-726277
-726055
-725571
-725532
-725394
-725173
-725160
-724867
-724710
-724555
-723911
-723792
-723132
-722996
-722751
-722517
-722463
-721823
-721379
-720953
-720875
-720676
-720651
-720368
-719720
-719450
-719190
-719186
-718949
-718857
-718677
-717757
-717684
-717677
-717428
-717055
-717052
-716750
-716456
-716434
-716428
-716242
-716196
-716184
-716152
-716099
-716001
-715886
-715432
-715010
-714889
-714617
-714229
-714109
-714009
-713776
-713734
-713724
-713628
-713599
-713254
-713248
-713121
-712910
-712823
-712530
-712398
-712362
-712222
-712200
-712083
-712043
-711950
-711894
-711869
-711791
-711715
-711693
-711657
-711649
-711609
-711608
-711104
-710837
-710712
-710648
-710455
-710238
-710214
-710076
-710037
-710011
-709464
-709374
-708874
-708691
-708031
-707955
-707897
-707701
-707631
-707384
-707364
-707214
-706298
-705512
-705371
-705337
-705235
-705159
-705018
-704636
-704460
-704252
-703985
-703891
-703852
-703220
-703122
-702650
-702628
-702421
-701662
-701458
-700921
-700591
-700097
-699656
-699511
-698580
-698510
-698317
-697671
-697384
-697345
-697245
-697160
-696999
-696979
-696845
-696637
-696293
-696050
-695639
-695522
-695265
-694608
-694528
-694192
-693936
-693802
-693708
-693363
-693324
-693203
-693136
-693037
-692954
-692916
-692902
-692816
-692782
-692567
-691860
-691574
-691440
-691422
-691069
-691047
-691044
-691013
-690902
-690835
-690813
-690788
-690277
-690207
-689704
-689614
-689404
-689149
-689073
-688978
-688506
-688436
-688141
-687387
-687168
-686810
-686695
-686576
-686568
-686489
-686175
-686127
-685984
-685625
-685447
-684657
-684415
-684287
-684285
-684105
-683727
-683590
-683197
-683191
-682854
-682574
-682508
-681860
-681700
-681647
-681640
-681312
-681302
-681241
-681120
-680403
-680390
-680298
-680283
-680078
-679707
-679536
-679367
-678519
-678083
-678029
-678019
-677672
-677271
-677146
-676822
-676753
-676666
-676553
-676440
-676142
-676111
-676018
-675976
-675971
-675940
-675926
-675488
-675378
-675348
-675314
-675052
-674888
-674294
-674238
-674200
-673670
-673633
-673597
-673567
-673361
-672432
-672413
-671986
-671939
-671923
-671913
-671906
-671896
-671813
-671779
-671714
-671343
-671267
-671153
-670986
-670685
-670516
-670470
-670269
-670020
-669629
-669423
-669415
-669186
-669030
-668981
-668961
-668902
-668812
-668329
-668315
-668182
-667897
-667449
-667417
-667311
-666797
-666449
-666180
-665519
-665250
-665137
-665036
-664964
-664353
-664287
-664033
-663782
-663718
-663644
-663640
-663588
-663442
-663179
-663010
-662975
-662730
-662719
-662367
-662318
-661966
-661957
-661428
-661359
-661241
-660461
-660438
-660432
-660421
-660008
-659850
-659821
-659625
-659395
-659381
-659343
-659256
-659159
-659037
-658913
-658850
-658677
-658607
-658458
-658376
-658310
-657941
-657910
-657632
-657048
-656862
-656809
-656788
-656255
-656073
-655681
-655421
-655187
-655142
-655090
-654763
-654737
-654260
-654108
-654017
-653870
-653655
-653210
-652974
-652617
-652581
-652575
-652473
-651956
-651914
-651862
-651532
-651334
-651274
-651092
-651021
-650792
-650736
-650728
-650657
-650642
-650537
-650172
-650004
-649962
-649888
-649680
-649663
-649637
-649445
-649306
-649037
-648827
-648590
-648451
-648289
-648241
-647731
-647642
-647602
-647301
-647049
-646804
-646584
-646373
-646342
-646223
-646047
-645899
-645729
-645566
-645450
-645355
-645222
-645186
-645090
-645015
-644942
-644913
-644847
-644794
-644645
-644550
-644539
-644466
-644455
-644370
-644294
-644112
-643861
-643792
-643200
-643168
-642931
-642865
-642816
-642716
-642610
-642525
-642333
-642255
-642159
-641900
-641880
-641652
-641627
-641577
-641515
-641475
-641346
-641298
-640608
-639908
-639755
-639667
-639602
-639540
-639506
-639490
-639326
-639058
-639009
-638965
-638359
-638077
-637872
-637442
-637428
-637286
-637072
-637008
-636672
-636607
-636496
-636463
-636031
-635683
-635672
-635649
-635416
-635387
-635345
-635211
-635179
-635037
-635011
-634738
-634627
-634544
-633896
-633888
-633787
-633223
-632713
-632643
-632229
-632175
-632158
-631900
-631883
-631790
-631775
-631606
-631522
-631282
-631252
-631207
-631195
-630907
-630126
-629553
-629510
-629373
-629307
-629175
-629148
-628736
-628480
-628349
-628320
-628276
-628064
-627825
-627549
-627318
-626983
-626972
-626887
-626624
-626522
-626339
-625940
-625929
-625636
-625374
-624913
-624862
-624795
-624735
-624284
-624174
-624057
-623907
-623583
-623369
-623352
-623299
-623211
-623172
-622896
-622356
-622154
-621102
-621056
-620945
-620937
-620927
-620738
-620583
-620010
-619787
-619479
-619427
-619423
-619373
-619355
-618864
-618834
-618713
-618327
-618186
-618127
-617753
-617617
-617606
-617079
-617005
-616705
-616673
-616392
-616331
-616290
-615937
-615932
-615584
-614808
-614659
-614597
-613998
-613998
-613847
-613693
-613317
-612964
-612695
-612668
-612639
-612329
-612183
-611778
-611579
-611485
-611474
-611219
-610962
-610810
-610781
-610722
-610698
-610148
-610048
-609970
-609466
-609452
-609411
-609303
-609284
-609247
-609235
-608845
-608837
-608775
-607944
-607756
-607546
-607149
-607009
-606587
-606513
-606078
-605745
-605222
-604690
-604516
-604237
-604210
-603835
-603704
-603198
-602960
-602949
-602879
-602835
-602802
-602800
-602699
-601495
-601005
-600766
-600549
-600446
-600147
-600057
-599982
-599821
-599741
-599558
-599551
-599459
-599171
-598796
-598679
-598656
-598383
-598325
-598235
-598054
-598014
-597754
-597698
-597630
-597398
-596827
-596719
-596541
-595789
-595700
-595492
-595426
-595398
-595090
-595088
-594994
-594300
-594012
-593920
-593901
-593674
-593503
-593458
-592976
-592907
-592564
-592528
-592523
-592229
-591985
-591944
-591591
-591562
-591559
-591519
-591366
-591279
-591149
-591143
-590847
-590565
-590253
-590244
-590225
-590113
-590078
-589840
-589674
-589506
-589482
-589417
-589262
-588820
-588492
-588491
-588430
-588315
-588128
-588038
-588021
-587911
-587911
-587421
-586945
-586914
-586483
-586263
-586158
-586149
-585976
-585848
-585625
-585502
-585486
-585177
-585056
-585055
-585029
-584779
-584415
-584050
-584023
-583975
-583846
-583540
-583464
-582846
-582757
-582336
-582275
-582053
-581903
-581655
-580899
-580829
-580808
-580663
-580643
-580568
-580471
-580435
-580433
-580433
-579960
-579924
-579736
-579611
-579529
-579418
-579170
-578602
-578533
-578469
-578391
-578336
-578114
-577749
-577542
-577505
-576968
-576822
-576634
-576461
-576180
-575873
-575458
-575408
-575375
-574767
-574683
-574243
-574228
-573972
-573446
-573250
-573162
-573138
-572901
-572399
-572126
-572006
-571965
-571943
-571643
-571564
-570824
-570461
-570322
-570198
-570139
-569741
-569494
-569468
-569173
-569055
-568850
-568488
-567879
-567341
-567284
-566951
-566826
-566450
-565562
-565107
-564965
-564587
-564038
-563484
-563468
-563400
-562837
-562791
-562597
-562421
-562418
-562358
-562334
-562093
-562052
-561835
-561664
-561609
-561391
-561283
-561264
-561216
-560865
-560737
-560686
-559939
-559933
-559791
-559663
-559622
-559176
-559144
-558720
-558552
-558130
-557850
-557444
-557416
-557396
-557224
-557180
-556901
-556821
-556710
-556517
-555905
-555119
-555074
-554251
-553962
-553837
-553821
-553314
-553273
-553185
-553096
-553074
-553030
-552979
-552893
-552756
-552737
-552721
-552661
-552525
-552183
-551793
-551642
-551481
-551372
-550873
-550642
-550341
-550338
-550122
-549852
-549597
-548942
-548693
-548535
-548168
-547952
-547577
-547274
-547122
-546901
-546658
-546653
-546584
-546450
-546306
-546272
-546151
-545634
-545522
-545148
-545021
-545004
-544691
-544226
-544150
-543640
-543595
-543356
-543347
-543319
-543279
-542949
-542890
-542743
-542601
-542141
-542122
-541759
-541709
-541618
-541475
-541447
-541446
-540624
-540565
-540483
-539978
-539667
-539577
-539200
-539004
-538647
-538631
-538615
-538496
-538474
-538431
-538112
-538095
-538095
-537998
-537960
-537914
-536964
-536353
-536210
-536094
-535938
-535749
-535705
-534772
-534498
-534367
-534092
-533780
-533734
-533257
-533050
-532936
-532780
-532593
-532351
-532085
-532042
-531847
-531607
-531047
-530826
-530819
-530291
-529559
-528826
-528793
-528732
-528690
-528605
-528572
-528444
-528433
-528366
-528298
-528225
-528100
-528080
-527704
-527527
-527397
-527345
-527139
-527056
-526692
-526615
-525983
-525386
-525275
-524690
-524616
-524565
-524057
-523962
-523827
-522893
-522541
-522378
-521608
-521305
-520645
-520531
-520498
-520230
-519951
-519791
-519536
-519499
-518491
-518460
-518257
-517688
-517600
-517165
-517037
-516928
-516457
-516425
-516361
-516073
-515505
-515262
-515090
-514987
-514823
-514446
-514429
-514360
-514333
-514311
-514195
-513901
-513823
-513703
-513504
-513470
-513264
-513254
-512917
-512801
-512621
-512293
-512126
-512055
-511872
-511839
-511497
-511287
-510714
-510589
-510429
-510423
-510142
-509974
-509936
-509758
-509492
-509414
-509299
-509114
-508579
-508571
-508430
-507969
-507798
-507742
-507729
-507622
-507557
-507410
-507157
-507099
-506831
-506827
-506818
-506795
-506591
-506333
-506154
-505861
-505413
-505314
-505122
-504618
-504290
-504185
-503981
-503898
-503829
-503795
-503623
-503548
-503433
-503265
-503015
-502934
-502853
-502692
-502587
-502559
-502017
-501809
-501499
-501185
-500890
-500845
-500788
-500735
-500144
-500003
-499954
-499903
-499832
-499562
-499311
-499038
-498757
-498667
-498629
-498469
-498093
-497996
-497307
-497244
-497168
-497072
-496946
-496714
-496422
-496374
-496374
-496374
-495880
-495763
-495162
-494562
-494211
-494180
-493844
-493670
-493598
-493443
-493324
-492852
-492843
-492813
-492524
-492455
-492155
-492024
-491901
-491722
-491703
-491574
-491509
-491246
-491045
-491042
-490962
-490656
-490614
-490443
-490312
-490177
-490155
-489811
-489737
-489350
-488939
-488608
-488402
-488215
-487714
-487567
-487425
-487382
-487217
-487132
-487042
-486856
-486658
-486060
-485967
-485538
-485455
-484681
-484599
-484582
-484267
-484199
-483211
-482683
-482398
-481721
-481544
-480760
-480652
-480554
-480457
-480389
-480110
-479984
-479760
-479671
-479569
-479278
-478943
-478906
-478800
-478782
-478536
-478476
-477837
-477530
-477527
-477428
-477299
-477283
-476875
-476474
-475965
-475955
-475715
-475300
-475144
-474639
-474621
-474349
-473853
-473818
-473711
-473613
-473613
-473259
-473239
-473035
-472914
-472707
-472554
-472531
-472495
-472149
-472047
-471673
-471407
-471017
-470990
-470985
-470974
-470744
-470576
-470498
-470494
-470461
-470429
-470250
-469574
-469293
-468768
-468729
-468721
-468703
-468653
-468311
-468292
-468014
-467922
-467840
-467560
-467452
-467385
-467289
-466800
-466523
-466459
-465665
-465598
-465325
-465210
-464942
-464854
-464787
-464697
-464305
-464075
-463770
-463283
-463071
-462837
-462611
-462461
-462451
-462300
-462129
-461891
-461723
-461517
-461187
-461120
-461094
-461005
-460998
-460877
-460862
-460747
-460722
-460317
-459986
-459978
-459832
-459435
-459388
-459332
-459078
-459020
-458778
-458207
-457920
-457270
-456749
-456546
-456325
-456267
-455988
-455840
-455817
-455615
-455234
-455120
-454289
-454112
-454094
-454092
-454080
-454065
-453892
-453649
-453634
-453318
-453097
-452977
-452444
-452384
-452261
-452218
-451720
-451540
-451160
-451140
-450981
-450629
-449745
-449563
-449487
-449082
-449045
-448886
-448829
-448734
-448678
-448656
-448653
-448380
-447825
-447501
-447305
-447269
-446787
-446491
-446146
-446097
-445906
-445883
-445806
-445483
-445481
-445384
-444466
-444374
-444303
-444152
-443999
-443774
-443763
-443558
-443520
-443286
-443089
-443050
-442696
-442510
-442441
-442365
-442337
-442276
-441739
-441657
-441642
-441413
-440558
-440403
-440131
-439925
-439773
-439575
-439529
-439336
-438897
-438871
-438623
-438586
-438386
-438376
-438118
-437916
-437794
-437708
-437557
-435618
-435583
-435444
-435369
-435366
-434950
-434854
-434760
-434497
-434414
-434239
-433996
-433843
-433753
-433736
-433418
-433409
-433102
-432712
-432670
-432485
-432378
-432347
-432084
-431799
-431711
-431509
-431455
-431408
-431320
-430917
-430484
-430454
-429914
-429899
-429891
-429830
-429815
-429464
-429415
-429283
-429224
-429051
-428696
-428302
-428239
-428050
-427985
-427486
-426997
-426964
-426958
-426555
-426142
-426123
-426011
-425941
-425643
-424839
-424679
-424247
-424004
-423844
-423829
-423630
-423060
-422943
-422938
-422578
-421940
-421673
-421563
-421236
-421223
-421042
-420956
-420855
-420257
-420039
-419861
-419853
-419799
-419550
-419535
-419433
-418722
-418709
-418647
-418504
-417976
-417432
-417131
-417128
-417020
-416812
-416802
-416799
-416797
-416611
-416584
-416400
-416088
-415844
-415738
-415687
-415234
-415206
-414729
-414722
-414507
-414478
-414396
-414280
-414268
-414018
-413672
-413452
-413347
-413264
-413127
-413034
-412119
-411723
-411346
-411302
-411043
-411041
-410802
-410561
-410429
-410421
-410360
-410256
-410064
-409922
-409659
-409300
-409204
-409203
-409089
-409081
-408996
-408893
-408694
-408590
-408326
-408038
-407963
-407929
-407666
-407618
-407487
-407403
-406706
-406636
-406544
-406422
-406358
-405865
-405857
-405618
-405480
-405383
-404896
-404854
-404719
-404267
-404061
-403800
-403695
-403549
-403454
-403221
-403181
-403177
-402520
-401966
-401917
-401711
-400253
-399371
-399114
-398921
-398731
-398723
-398318
-397756
-397464
-397139
-397075
-396773
-396579
-396317
-396145
-395935
-395934
-395766
-395697
-395650
-395426
-395335
-394927
-394847
-394513
-394118
-394015
-393949
-393929
-393794
-393556
-393319
-393139
-392996
-392638
-392310
-392135
-391932
-391364
-391118
-391089
-390997
-390470
-390283
-390196
-390190
-389889
-389602
-389551
-389475
-388845
-388632
-388547
-388360
-388206
-387813
-387443
-386705
-386601
-386409
-386273
-386254
-386059
-385301
-384854
-384843
-384788
-384725
-384708
-384629
-384556
-384520
-384474
-384350
-384294
-384180
-384074
-383595
-383574
-383511
-383208
-383191
-383153
-382844
-382791
-382787
-382758
-382095
-382073
-382033
-381951
-381698
-381678
-381436
-381387
-381382
-381232
-381080
-381027
-380654
-380475
-380345
-380181
-379927
-379909
-379107
-379016
-378836
-378609
-377989
-377750
-377244
-377178
-376789
-376456
-376267
-376171
-376041
-375824
-375664
-375582
-375325
-375224
-375068
-375062
-375041
-374857
-374737
-374653
-374041
-373881
-373874
-373521
-373126
-372787
-372063
-371969
-371887
-371762
-371569
-371539
-371181
-371108
-370618
-370566
-370279
-370190
-370064
-369808
-369801
-369703
-369049
-368982
-368879
-368729
-368531
-368521
-368228
-368137
-368001
-367979
-367828
-367631
-367626
-367454
-367290
-367264
-367158
-366918
-366603
-366525
-366276
-366261
-365794
-365702
-365231
-365216
-365158
-365015
-364640
-364533
-364458
-364293
-364229
-363884
-363480
-363402
-362752
-362584
-362577
-362575
-362416
-362268
-362220
-362033
-361870
-361869
-361304
-361237
-360795
-360661
-360652
-360594
-360249
-360100
-360044
-359877
-359848
-359551
-359248
-359084
-358548
-358394
-358261
-358166
-358128
-357818
-357417
-356874
-356515
-356071
-356031
-355778
-355665
-355313
-354964
-354951
-354672
-354373
-354188
-354083
-354073
-353985
-353718
-353407
-353386
-353231
-353154
-353142
-353136
-353081
-353006
-352919
-352493
-352255
-352234
-352204
-352148
-351198
-350958
-350712
-350597
-350430
-350203
-350011
-349850
-349673
-349269
-349142
-348980
-348503
-347220
-347073
-347031
-346711
-346688
-346669
-346654
-346558
-346466
-346258
-346008
-345873
-345635
-345617
-345572
-345439
-345321
-345298
-344861
-344672
-344362
-344134
-344030
-343932
-343811
-343776
-343754
-343621
-343483
-343004
-342947
-342818
-342509
-342425
-342155
-342119
-342086
-341799
-341514
-341484
-341346
-341256
-340912
-340780
-340159
-339981
-339955
-339868
-339860
-339811
-339237
-338874
-338872
-338868
-338772
-338530
-338487
-338356
-338119
-337285
-336751
-336351
-336209
-335964
-335700
-335678
-335365
-335301
-335219
-335124
-334769
-334507
-334493
-334351
-334265
-333867
-333794
-333730
-333184
-333180
-332927
-332447
-332413
-332411
-332219
-332097
-332047
-331532
-331517
-330541
-330016
-329915
-329807
-329326
-328970
-328755
-328704
-328193
-328054
-327972
-327933
-327867
-327752
-327743
-327699
-327695
-327395
-327382
-326886
-326620
-326594
-326400
-326353
-326136
-326109
-326100
-325974
-325615
-325303
-325226
-324904
-324649
-324533
-324040
-323917
-323830
-323767
-323589
-323293
-323237
-323182
-322962
-322794
-322418
-322277
-322236
-322018
-321740
-321572
-320998
-320985
-320965
-320693
-320406
-320401
-320293
-320288
-320256
-320022
-320002
-319618
-318643
-318432
-318213
-318179
-317847
-317646
-317339
-317244
-316911
-316888
-316562
-316348
-316097
-315737
-315581
-315420
-315304
-314795
-314639
-314483
-314258
-314163
-313806
-313794
-313578
-313302
-313160
-312997
-312930
-312888
-312726
-312581
-312483
-312321
-311852
-311776
-311453
-311409
-311306
-311253
-310920
-310862
-310843
-310341
-310255
-310020
-309711
-309289
-308923
-308756
-308640
-308549
-308517
-308504
-308102
-308016
-307946
-307709
-307643
-306899
-306821
-306767
-306212
-306200
-306111
-306019
-305583
-305489
-305470
-305466
-305433
-305412
-305111
-305077
-304929
-304912
-304541
-304533
-304452
-304127
-303412
-302665
-302492
-302376
-302283
-302180
-302098
-301275
-301205
-301118
-300830
-300763
-300757
-300646
-300519
-300440
-300284
-300063
-300028
-299941
-299851
-299680
-299626
-299624
-299518
-299421
-299398
-299386
-299101
-298671
-298590
-298501
-298494
-298482
-298462
-297652
-297636
-297596
-297577
-297560
-297414
-297337
-297326
-297247
-296796
-296778
-296624
-296368
-296230
-296210
-296087
-295917
-295506
-295153
-294978
-294962
-294899
-294787
-294608
-294387
-294287
-294231
-294183
-293934
-293838
-293810
-293240
-292787
-292563
-292524
-292401
-292314
-292266
-292149
-291141
-290923
-290760
-290550
-290548
-290421
-290298
-290287
-290101
-290080
-289703
-289628
-289386
-289224
-288436
-288411
-287926
-287889
-287679
-287473
-287393
-287378
-287020
-286897
-286507
-286394
-286344
-286320
-286270
-286209
-286178
-286057
-285729
-285595
-285378
-285351
-285324
-285179
-285167
-285155
-285098
-284949
-284745
-284709
-284707
-284660
-284632
-284191
-284142
-283829
-283729
-283011
-282908
-282713
-282246
-282134
-282055
-280835
-280761
-280618
-280453
-280307
-280180
-279723
-279573
-279305
-279265
-279160
-279042
-279012
-278748
-278689
-277887
-277645
-277560
-277339
-277269
-277248
-277088
-276554
-276482
-276474
-276267
-275564
-275553
-275498
-274547
-274406
-274119
-273961
-273610
-273228
-273014
-272748
-272708
-272465
-272362
-272328
-272165
-271390
-271016
-270999
-270880
-270723
-270441
-269763
-269438
-269248
-269060
-269059
-268935
-268799
-268698
-268515
-268384
-268307
-268167
-268046
-267783
-267749
-267241
-267104
-266929
-266891
-266868
-266825
-266613
-266371
-266340
-266165
-266040
-265691
-265671
-265400
-265242
-265196
-265140
-265105
-264990
-264891
-264615
-264575
-264565
-264517
-264429
-264392
-264357
-264304
-264165
-264123
-263975
-263960
-263385
-263244
-262559
-262302
-262004
-261984
-261729
-261555
-260942
-260710
-260553
-260417
-260113
-259975
-259943
-259747
-259678
-259667
-259037
-259011
-258731
-258622
-257928
-257725
-257693
-257672
-257607
-257290
-257157
-257154
-257040
-256975
-256881
-256726
-256656
-256500
-255574
-255560
-255228
-255173
-254974
-254938
-254848
-254789
-254722
-254673
-254369
-254202
-254139
-253965
-253624
-253582
-253364
-253205
-252994
-252969
-252838
-252790
-252741
-252128
-251743
-251630
-251519
-251410
-251006
-250267
-249846
-249799
-249705
-249540
-249117
-249064
-248760
-248518
-247642
-247520
-247515
-246993
-246835
-246393
-245852
-245831
-245383
-244663
-244563
-244164
-244024
-243647
-243404
-243402
-242558
-242462
-242149
-242129
-242053
-241927
-241416
-241029
-240842
-240835
-240334
-240267
-240188
-240027
-239944
-239599
-239364
-239339
-239339
-239291
-239000
-238637
-238623
-238402
-238323
-238101
-237525
-237178
-237063
-236712
-236627
-236497
-236469
-236391
-236233
-235982
-235732
-235485
-235448
-235369
-235277
-235270
-235255
-235227
-235124
-235026
-234602
-234448
-234380
-233875
-233793
-233622
-233368
-233291
-232409
-232379
-232253
-232065
-231895
-231715
-231508
-231280
-231067
-230973
-230787
-230308
-230051
-229628
-229543
-229476
-229470
-229216
-228913
-228843
-228772
-228508
-227820
-227588
-227392
-226962
-226732
-226271
-226084
-225968
-225948
-225841
-225828
-225469
-225339
-225064
-224727
-224726
-224606
-224602
-224560
-224288
-224099
-224081
-223648
-223064
-222971
-222952
-222602
-222428
-221855
-221493
-221449
-221425
-221321
-221169
-221055
-220727
-219921
-219819
-219368
-219322
-219293
-219050
-218994
-218971
-218640
-218600
-218389
-218340
-218149
-217788
-217561
-217332
-216922
-216622
-216365
-216235
-216164
-216135
-216105
-216080
-216001
-215911
-215070
-214683
-214120
-213792
-213076
-212909
-212677
-212360
-212119
-212089
-211807
-211488
-211122
-210510
-210044
-209985
-209950
-209910
-209846
-209614
-209572
-209524
-209509
-209444
-209252
-209223
-209208
-209061
-208791
-208513
-208404
-208183
-208105
-207834
-207790
-207683
-207667
-207625
-207580
-207482
-206029
-205310
-205274
-205211
-205000
-204442
-204240
-204200
-204184
-204140
-204096
-203763
-203700
-203590
-203339
-203292
-202871
-202639
-202575
-202360
-202091
-201702
-201568
-201337
-201073
-200938
-200858
-200701
-200661
-200376
-200355
-200107
-199640
-199538
-199437
-199208
-198706
-198296
-198096
-197903
-197617
-197428
-197292
-197211
-196794
-196705
-196353
-196260
-195237
-195119
-194807
-194363
-194327
-194274
-194075
-194038
-194024
-194024
-193986
-193697
-193540
-193203
-192984
-192963
-192710
-192687
-192366
-192326
-192274
-192237
-192204
-191924
-191610
-191465
-191213
-191058
-190974
-190631
-190404
-190291
-190242
-190211
-190103
-189699
-189498
-189495
-189307
-189294
-189239
-188931
-188759
-188639
-188124
-188024
-187808
-187593
-186881
-186797
-186760
-186503
-186398
-186294
-186269
-186103
-186047
-185865
-185773
-185071
-184913
-184649
-184455
-184439
-184356
-183878
-183863
-183748
-183126
-182769
-182568
-182359
-182310
-182102
-182058
-181327
-181055
-180741
-180375
-180112
-180054
-179936
-179045
-179000
-178878
-178787
-178681
-178497
-178411
-177640
-177159
-177041
-176839
-176520
-176351
-176028
-175717
-175203
-175001
-174915
-174547
-174537
-174445
-174387
-173827
-173608
-173535
-173389
-173308
-173285
-173051
-172918
-172894
-172701
-172250
-171535
-171444
-171277
-171040
-170983
-170943
-170854
-170707
-170595
-170507
-170236
-170105
-170048
-169865
-169820
-169504
-169389
-169233
-169096
-168921
-168490
-168413
-168219
-168064
-167154
-167003
-166925
-166882
-166800
-166653
-166630
-166564
-166421
-166271
-166263
-166259
-166136
-165798
-165650
-165624
-165115
-164840
-164116
-164081
-164007
-163743
-163677
-163390
-163211
-163039
-163032
-162919
-162837
-162650
-162601
-162374
-162051
-162003
-161944
-161258
-161238
-161044
-160954
-160703
-160603
-160377
-160149
-159944
-159159
-158939
-158830
-158015
-157530
-157519
-156386
-156279
-156249
-156120
-155891
-155830
-155786
-155767
-155528
-155460
-155387
-155064
-154887
-154833
-154704
-154576
-154464
-153873
-153827
-153761
-153721
-153699
-153608
-153303
-153246
-153212
-153025
-152599
-152532
-152407
-152076
-151724
-151707
-151413
-150997
-150419
-150295
-150247
-150247
-149962
-149869
-149863
-149863
-149817
-149780
-149765
-149709
-149481
-149461
-149386
-149325
-149274
-149070
-148657
-148590
-148555
-148499
-148475
-148229
-148219
-148140
-148073
-147875
-147804
-147799
-147693
-147350
-147103
-146181
-146060
-145966
-145932
-145886
-145870
-145592
-145569
-145420
-145415
-145140
-145018
-144930
-144815
-144695
-144135
-143932
-143916
-143789
-143649
-143586
-143462
-143157
-143054
-143052
-142398
-142294
-141525
-141424
-141216
-141032
-139962
-139697
-139617
-139241
-139235
-139211
-139066
-138845
-138450
-138347
-138340
-137830
-137624
-137624
-137185
-137141
-136579
-136513
-136490
-136247
-135837
-135745
-135635
-135102
-134478
-134130
-133922
-133886
-133722
-133087
-133043
-132860
-132420
-132320
-131926
-131761
-131727
-131646
-131607
-131347
-131259
-130977
-130909
-130897
-130700
-130590
-130433
-130338
-130209
-130180
-129843
-129841
-129357
-129130
-128847
-128707
-128645
-128594
-128068
-127535
-127364
-127233
-127178
-127169
-127083
-126961
-126957
-126784
-126114
-126059
-126031
-125950
-125622
-125507
-125178
-124835
-124488
-124349
-124172
-123782
-123742
-123490
-123337
-122676
-122674
-122280
-122064
-122020
-121918
-121531
-121254
-120963
-120860
-120518
-120514
-120111
-120094
-119902
-119775
-119485
-119483
-119277
-119195
-119086
-118894
-118778
-118688
-118584
-118499
-118379
-118240
-118228
-117953
-117774
-117610
-117570
-117329
-117307
-117230
-116809
-116772
-116673
-116441
-116009
-115949
-115882
-115671
-115669
-115522
-115202
-115187
-114976
-114386
-114214
-113606
-113372
-113313
-113084
-112989
-112955
-112912
-112828
-112682
-112238
-112083
-111856
-110948
-110705
-110686
-110373
-110291
-110115
-109939
-109476
-109458
-109035
-109001
-108752
-108721
-108591
-108526
-108480
-108467
-108453
-108439
-108430
-108405
-108121
-108109
-108105
-107809
-107773
-107600
-107557
-107440
-107406
-107142
-106967
-106860
-106127
-105703
-105421
-105280
-105224
-104909
-104860
-104802
-104571
-104027
-103535
-103064
-102696
-102607
-101793
-100762
-100595
-100590
-100533
-100529
-100480
-99816
-99781
-99567
-99438
-99375
-98956
-98803
-98761
-98697
-98426
-98036
-97716
-97565
-97209
-96667
-96654
-96537
-96037
-96035
-96032
-95713
-94951
-94792
-94661
-94595
-94534
-94320
-94069
-93933
-93917
-93872
-93440
-93136
-92765
-92460
-92007
-91884
-91865
-91588
-91561
-91461
-91360
-91357
-91340
-91082
-90966
-90619
-90483
-90041
-89955
-89778
-89373
-89264
-89244
-89171
-88746
-88612
-88548
-88213
-87912
-87800
-87438
-87410
-87279
-87155
-87098
-86807
-86513
-86337
-86175
-86103
-85454
-85363
-85120
-84951
-84047
-83634
-83043
-82764
-82132
-82123
-82038
-81870
-81168
-81114
-80890
-80673
-80415
-80186
-79853
-79778
-79706
-79457
-79041
-79010
-78920
-78441
-78402
-78077
-77438
-77132
-76900
-76776
-76520
-76421
-76113
-76044
-75852
-75268
-74974
-74962
-74800
-74728
-74713
-74645
-74612
-74580
-74405
-74365
-74317
-74073
-73693
-72926
-72533
-72308
-72028
-72027
-71962
-71446
-71149
-70984
-70725
-70721
-70502
-70399
-69549
-69385
-69368
-69064
-68943
-68583
-68517
-68511
-68329
-68309
-68146
-68017
-67795
-67709
-67483
-66967
-66819
-66698
-65905
-65312
-64764
-64748
-64492
-64490
-64223
-64188
-63962
-63908
-63369
-63369
-63285
-63244
-62651
-62600
-62518
-62402
-62171
-62004
-61751
-61741
-61300
-61150
-61110
-60385
-60287
-59053
-58863
-58862
-58727
-58702
-57613
-57249
-56421
-56357
-55993
-55908
-55869
-55688
-55636
-55348
-54877
-54858
-54566
-54443
-54354
-54347
-53983
-53879
-53676
-53575
-53534
-53458
-53271
-52318
-52051
-51923
-51765
-51511
-51359
-51301
-51210
-50874
-50580
-50432
-49913
-49003
-48675
-48625
-48622
-48569
-48396
-48373
-48346
-48092
-47986
-47629
-47531
-47400
-47313
-46558
-46167
-46104
-45988
-45629
-45131
-44853
-44342
-44003
-43664
-43167
-42990
-42805
-42564
-42446
-42374
-42161
-42011
-41979
-41657
-41438
-41020
-40753
-40477
-40064
-40042
-39934
-39536
-39355
-39065
-38135
-38123
-38109
-38090
-37762
-37723
-37634
-37071
-36991
-36937
-36622
-36575
-36507
-36330
-36184
-35966
-35708
-35681
-35644
-35503
-35481
-35341
-34867
-33961
-33638
-33356
-33348
-33241
-33034
-32577
-32565
-32563
-32439
-32292
-32234
-32175
-31882
-31679
-31647
-31583
-31338
-31294
-30731
-30155
-29744
-29505
-29156
-29069
-28838
-28820
-28641
-28340
-28133
-27848
-27791
-27554
-27535
-27486
-27478
-27456
-27444
-27407
-27355
-27131
-27049
-27038
-26895
-26835
-26563
-26511
-26103
-25861
-25610
-25605
-25550
-25427
-25364
-24791
-24603
-24378
-24349
-24205
-24185
-24122
-23977
-23949
-23854
-23699
-23647
-23580
-23489
-23355
-22942
-22918
-22841
-22622
-22595
-22402
-22073
-21726
-21493
-21127
-20869
-20860
-20513
-20220
-20212
-20047
-19934
-19633
-19358
-19349
-19126
-19016
-18764
-18729
-18657
-18496
-18311
-18222
-18118
-18033
-17826
-17818
-17796
-17722
-17508
-17231
-17085
-16438
-16314
-16250
-15808
-15563
-15468
-15064
-15021
-14850
-14453
-14069
-13828
-13641
-13232
-13029
-12525
-12433
-11937
-11746
-11650
-11572
-11292
-10440
-10274
-10222
-10108
-9938
-9728
-9424
-9409
-9324
-9217
-9202
-9165
-9054
-9031
-8975
-8847
-8715
-8695
-8610
-8377
-8000
-7700
-7535
-7268
-7152
-6993
-6978
-6775
-6734
-6651
-6166
-5983
-5799
-5612
-5268
-5113
-4701
-4663
-4603
-4337
-4290
-4205
-3585
-3392
-3233
-2919
-2915
-2843
-2757
-2741
-2664
-2643
-2285
-2130
-1994
-1913
-1797
-1688
-1119
-1111
-788
-527
-447
-238
-113
228
334
517
587
595
611
646
712
731
790
1281
1521
1636
1714
1784
1954
2369
2422
2708
2741
3230
3738
4316
5081
5214
5283
5314
5744
5977
6002
6030
6357
6573
6643
6701
6738
6742
6813
7083
7188
7608
7734
8166
8167
8251
8739
8770
9328
9341
9652
9669
9671
9975
10108
10151
10183
10219
10561
10571
10776
10863
11126
11329
11400
11605
11772
11972
12058
12102
12150
12248
12930
13188
13689
13708
13735
14198
14246
14440
14763
14836
14902
15145
15269
15666
15857
16423
16942
16954
16962
17061
17334
17504
17637
17657
17754
17876
17903
18272
18334
18365
18574
18868
19079
19082
19311
19660
20025
20406
20739
20754
20767
21419
21882
22076
22081
22259
22539
22588
22720
22734
23010
23121
23248
23267
23329
23451
23563
23913
24028
24106
24117
24958
24967
25439
25558
25643
25821
26157
26201
26458
26693
26731
27127
27142
27166
27183
27360
27513
27595
27621
28118
28387
28483
28609
29260
29314
29445
29909
30361
30855
30906
31110
31331
31539
31804
32209
32561
34098
34205
34256
34698
34823
35183
35206
35377
35586
35836
36151
36283
37103
37253
37358
37468
37583
37880
37926
37940
38352
38454
38501
38629
38638
38765
38915
38954
39108
39156
39181
39205
39322
39490
39830
39889
40205
40483
40676
40840
40957
41151
41550
41751
41894
42044
42335
42344
42352
42381
42499
42617
42678
42750
42908
43148
43803
43869
44180
44201
44269
44284
44369
44493
44547
44616
44735
44747
44928
45034
45077
45209
45309
45467
45487
45687
45898
46121
46303
46492
46682
46719
46777
47478
49043
49224
49230
49270
49350
49460
49628
49661
50025
50178
50240
50280
50415
50530
50531
50908
50945
50957
51494
51642
51668
51885
52166
52534
52607
52782
52829
52876
52981
54020
54131
54139
54251
54896
55260
55398
55434
56091
56273
56318
56563
56572
56733
57051
57124
57523
58427
58521
58558
58913
59074
59135
59300
59456
59664
59766
60883
61008
61079
61209
61476
61505
61742
61830
61848
62097
62101
62135
62418
62653
62676
62695
62925
63360
63508
63809
64008
64139
64178
64238
64397
64866
65074
65243
65262
65416
65468
65627
65662
65922
66130
66132
66239
66304
66385
66534
66793
66960
67003
67161
67184
67364
67439
68006
68269
68318
68403
68667
68698
68923
68956
69152
69285
69676
70009
70320
70534
70662
70745
70918
71284
71556
71648
71717
72451
72464
72501
72651
72772
72884
73420
73607
73747
73944
74069
74177
74284
74359
74482
74486
74575
74698
74891
74971
75232
75761
76054
76085
76165
76784
76823
77376
77732
78060
78514
78679
78860
78874
79007
79155
79233
79471
79549
79692
79756
80156
80461
80653
80747
80889
81132
82421
82484
82691
82975
83158
83659
83783
83908
84299
84333
84513
84610
84635
84635
84726
84729
84794
84894
85350
85370
85428
85447
85449
85543
85933
86039
86497
86575
86768
86881
87339
87588
87673
87707
87820
87853
88135
88157
88826
89218
89292
89369
89405
90455
90564
90716
91127
91141
91196
91208
91208
91371
91845
91969
91999
92233
92243
93282
93369
93970
94142
94165
94210
94648
94896
94965
95141
95239
95823
96018
96427
96611
96667
96842
97039
97267
97517
98335
98652
98711
98999
99272
99355
99387
99400
99406
99423
99947
99972
100406
100677
100819
101129
101490
101494
101665
101693
102050
102217
102428
102454
102902
102994
103031
103186
103195
103515
103832
103882
104164
104808
104914
104926
105422
105430
105569
106014
106191
106313
106492
106599
106672
106696
107185
107279
107381
107436
107498
107653
107707
107816
107899
107955
108097
108698
108744
109059
109256
109715
109821
110126
110428
110740
111210
111478
111500
111702
111736
111972
112168
112385
112603
112824
113122
113392
113510
113521
113538
114132
114552
114665
114795
114892
114918
115306
115635
115791
116001
116064
116103
116144
116157
116374
116383
116920
116971
117023
117024
117106
117293
117300
117480
117507
118326
118358
118404
118601
118615
119137
119231
119280
119482
119599
119784
119910
119917
120366
120649
120826
120833
121055
121071
121233
122116
122191
122426
122539
122543
122785
122993
123290
123417
123980
124211
124234
124274
124396
124433
124446
124777
125200
125461
125784
125972
126194
126418
126491
126715
126957
127753
128084
128157
128366
128488
128771
128886
129130
129144
129210
129764
129778
130211
130363
130404
130689
130758
130778
130794
130820
130862
131257
131421
131597
131874
132149
132249
132390
132674
132791
132833
133113
133144
133174
133410
133611
133636
133960
134590
134951
135555
135703
135815
135947
136148
137137
137503
137545
137793
138074
138181
138365
138406
138545
138571
138762
139079
139568
139762
140232
140302
140424
140480
140555
140710
140811
141860
142012
142111
142175
142271
142662
142860
142963
143169
143184
143280
143493
143521
143884
144547
144837
144872
144876
145019
145199
145288
145357
145484
145591
145858
145913
145923
146589
146681
146827
147047
147057
147342
147710
147710
147857
147940
148128
148258
148266
148276
148385
148457
148704
148955
148992
149027
149362
150173
150450
150598
150803
150818
151005
151024
151049
151122
151308
151445
151460
151508
151664
151666
151998
152150
152638
152746
152800
152892
152919
153796
153917
154085
154093
154165
154300
154730
155043
155186
155640
155772
156025
156055
156056
156139
156237
156590
156699
157056
157257
157453
157699
158485
158553
158825
159025
159373
159404
159744
160108
160129
160278
160374
160431
160510
161083
161110
161322
161375
161487
161795
161914
162358
162395
162688
163319
163359
163460
163471
163646
163720
163915
164296
164374
164505
164556
164648
165031
165153
165579
165824
165849
165935
166400
166935
167496
167624
167701
167959
168030
168165
168205
168344
168471
168526
168530
168546
168650
169233
169241
169254
169275
169544
169873
169986
170004
170172
170241
170426
170488
170503
170539
170618
170726
170858
170918
171066
171301
171839
172017
172204
172584
172750
172854
172892
173070
173314
173441
173747
174225
174709
174780
174807
174865
175239
175293
175416
175677
176036
176176
176243
176344
176590
176871
177003
177205
177494
177715
177826
177841
178270
178421
178455
178641
178707
178814
178999
179274
179416
179586
179696
179752
179814
179878
179977
180396
180413
181324
181545
181756
181855
182365
182517
182792
183305
183438
183989
184029
184266
184298
184443
184504
184620
184643
184780
185139
185157
185472
186077
186184
186308
186459
186605
186696
186797
187167
187235
187359
187400
187644
187748
188161
188243
188397
188513
188561
188708
188824
188916
188923
189071
189098
189203
189959
190496
190624
190861
190912
190924
191131
191257
191264
191395
191428
191779
192231
192248
192371
192895
193014
193627
193649
193745
194155
194192
194225
194471
194866
195154
195451
195747
195925
196275
196478
196887
197126
197207
197209
197750
197948
198112
198395
198529
198539
198593
198811
198906
199039
199835
199935
200432
200537
200564
200955
200971
201182
201328
201360
201548
201918
202312
202601
202607
202801
203318
203626
203676
203685
203710
203871
203962
203971
204012
204063
204079
204495
204585
204782
205217
205256
205314
205458
205670
205986
206026
206314
206320
206343
206488
207345
207805
207926
208004
208088
208093
208156
208161
208569
208723
208872
209195
209355
209450
209572
209930
210087
210173
210832
211031
211044
211601
211683
212331
212362
212498
212711
212820
212901
213645
214345
214754
214812
214994
215016
215090
215145
215266
215269
215345
215355
215370
215460
215903
216065
216162
216204
216324
216606
216927
217060
218068
218277
218377
218601
218652
219385
219391
219395
219532
219665
220212
220314
220333
220587
220616
220721
220875
221000
221114
221434
221544
221649
221735
221777
221984
222061
222889
223001
223151
223277
223405
223555
223587
224152
224175
224342
225407
226059
226215
226301
226337
226496
226498
226657
227272
227421
228043
228158
228234
228338
228363
228452
228821
229008
229018
230089
230122
230564
230615
230967
231032
231147
231557
231561
231745
231953
232298
232350
232369
232686
232718
232739
233053
233272
233399
233437
233460
233516
233563
233747
234322
234651
234863
234926
235281
235429
235545
235573
235783
236185
236232
236778
236915
237201
237423
237593
237737
237955
237995
238057
238156
238415
238429
238518
238589
238635
238793
238914
239303
239387
239890
239963
240007
240053
240077
240156
240270
240352
240460
240720
240779
240864
241084
241132
241262
241347
241639
241972
242275
242312
242320
242464
242787
242901
243205
243371
243376
243725
243921
244046
244146
244485
244493
244573
245462
245499
245603
245776
246000
246073
246073
246250
246769
247215
247257
247800
247844
248015
248085
248532
248609
248624
248861
249288
249330
249683
249798
249899
249957
250010
250118
250531
250695
250722
251100
251219
251545
251689
251834
252158
252231
252708
252958
253091
253411
253603
253627
254067
254517
254961
255161
255711
255801
256215
256589
257040
257861
257953
258038
258070
258296
258535
258555
259314
259512
259869
259888
259969
259980
260185
260378
260379
260723
260740
260754
260777
261323
261443
261638
261638
261919
262096
262233
262298
262477
262968
263208
263309
263313
263663
264098
264244
264328
264865
264901
265010
265050
265130
265652
265674
266046
266158
266236
266274
266277
266330
266621
266797
267145
267222
267243
267784
267947
268080
268103
268139
268963
269053
269103
269510
269549
269967
270018
270020
270477
270750
270773
270838
271025
271109
271127
271135
271179
271396
271546
271598
271724
271817
272165
272300
272498
273046
273711
274250
274267
274500
274579
274749
274751
274840
274923
275372
275562
275598
275614
276317
276399
276511
276625
276638
276709
276832
277494
277990
278233
278255
278514
278917
279116
279193
279317
279654
280046
280134
280138
280210
280214
280333
280624
280813
280836
280911
281413
281459
281483
281621
281877
282165
282378
282866
283226
283234
283246
283600
284064
284181
284249
284397
284453
284757
284918
284938
285302
285403
285436
285489
285859
286034
286059
286523
286716
286828
286891
287964
288033
288053
288189
288264
288449
288758
288828
288849
289660
289707
289819
290022
290364
290555
290641
290677
290840
290841
291186
291198
291200
291330
291742
291816
292158
292242
292274
292518
292716
293077
293254
293486
293770
293928
294440
294494
294587
294882
295109
295114
295169
295303
295397
295998
296005
296212
296734
296751
296819
297299
297365
297426
297540
297596
297982
298061
298294
298387
298628
298645
299160
299488
299820
299991
300866
300944
300975
300977
301153
301367
301504
301507
302048
302320
302468
302571
302729
302794
302800
303126
303575
303722
303776
303933
304006
304069
304215
304439
304469
304495
304499
304588
304721
304900
305158
305257
305433
305541
306123
306252
306682
306918
307011
307228
307263
307735
308105
308255
308322
308418
308618
308659
309381
309389
309566
309585
310027
310186
310429
310565
310653
310677
311331
311401
311527
311926
312045
312056
312059
312173
312186
312234
312613
312622
312789
312904
312990
313031
313105
313243
313332
313364
313409
313510
314142
314410
314438
314469
314489
314590
314745
314870
315488
315507
315622
315831
315901
316569
316737
316758
317214
317275
317695
318419
318767
319004
319159
319456
319759
319848
320056
320170
320180
320281
320402
320485
320675
320751
320791
320810
320919
320983
321201
321232
321383
321505
321619
321645
322147
322359
322369
323008
323303
323336
323368
323445
323715
323795
324260
324265
324321
324417
324439
324447
324737
324779
324789
324794
325132
325292
325444
325769
326142
326242
326341
327652
327873
328632
328744
328944
329374
329968
330759
331049
331531
331631
331703
331721
331892
332061
332062
332506
332597
332599
332944
333133
333477
333635
333678
333782
333943
334016
334334
334521
334562
334585
334613
334655
335230
335682
335702
335749
335886
336503
337126
337145
337187
337329
337574
337894
338708
339051
339685
340172
340190
340336
340914
341150
341498
341824
341956
341986
342066
342373
342442
342583
342739
343034
343090
343356
343503
343763
343826
344205
344241
344359
344375
344642
344687
344802
344805
344917
345142
345307
345509
345785
345925
346086
346116
346117
346154
346218
346233
346469
346531
346987
346992
347130
347345
347368
347588
347658
347814
348023
348047
348117
348141
348158
348483
348543
348804
348966
349031
349243
349248
349319
349587
349600
350152
350273
350303
350348
350350
350896
351158
351263
351576
351670
351909
351952
352086
352165
352202
352422
353016
353159
353195
353271
353350
353427
354296
354324
354599
354768
354873
354972
355549
355575
355693
355912
356376
356554
356661
356853
357068
357327
357689
357783
357849
357977
358288
358337
358440
358796
359058
359068
359287
359342
359552
359574
359735
359909
359979
360109
360137
360200
360277
360300
360572
360674
361189
361439
361617
361714
361743
361869
362023
362167
362238
362322
362354
362716
362790
363108
363117
363152
363368
363491
363783
364021
364127
364347
364482
364744
364840
364986
365444
365570
366250
366319
366668
366859
367195
367301
367304
367817
368087
368108
368357
368518
368603
369062
369385
369958
369994
370086
370207
370377
370454
370649
370863
370974
371089
371232
371319
372274
372382
372881
373445
373496
373702
374234
374323
374795
374904
374967
375342
375679
375769
375777
375795
375884
376326
376542
376676
376677
376713
376835
376858
377015
377320
377550
377682
378019
378168
378973
379186
379494
379676
379912
380271
380729
380767
380792
380962
381188
381636
381709
381921
381992
382096
382152
382330
382424
382428
382671
383446
383465
383998
384123
384315
384453
384676
384725
384731
384848
385042
385493
385617
385893
385994
386168
386184
386238
386250
386921
386985
387491
387582
389053
389184
389388
389416
389552
389754
390053
390141
390253
390491
390495
390623
390811
391590
391818
392263
392331
392496
392669
392680
392745
392928
393007
393152
393589
393611
393767
393833
394012
394179
394427
394619
394802
395083
395447
395610
395666
396063
396404
396652
396688
397140
398267
398565
398568
398698
398843
398876
399005
399105
399320
399472
400504
400507
400540
400599
400651
400760
400880
401449
401592
401600
401611
401625
402085
402160
402177
402639
403075
403265
403295
403479
403511
403545
403626
403776
404130
404472
404520
405134
406035
406066
406296
406378
406507
406622
406743
406942
407050
407311
407344
407369
407498
407993
408023
408024
408177
408385
408563
408600
408624
408663
408773
408853
409051
409271
409343
409358
409545
409704
410112
410477
410679
410800
410898
411146
411239
411397
411495
411718
412147
412373
412551
412715
413008
413581
413642
414122
414370
414467
414710
414795
414943
415012
415088
415305
415371
415459
415553
416033
416236
416451
416483
416614
416991
417068
417510
417735
417902
418380
418472
418706
418830
418887
418905
419160
419528
419546
419847
420070
420383
420444
420489
420842
420993
421517
421827
421986
422405
422426
422668
422694
422711
423060
423290
423593
424119
424678
424700
424845
424953
424969
425228
425407
425424
426171
426185
426417
426558
426642
426775
426950
427636
427667
427862
427941
428239
428280
428375
428470
429049
429473
429612
429675
429785
429950
430007
430105
430878
431076
431111
431285
431452
431518
431648
432515
432666
432846
432870
432939
433131
433501
433556
434346
434709
434734
435027
435077
435405
435690
435699
436164
436190
436400
436460
436836
437458
437545
437618
437658
437874
437985
438175
438361
438452
438502
438615
438660
438743
439012
439467
439647
439870
439891
440649
440704
440747
441201
441252
441336
441545
441560
442157
442356
442411
442630
442812
442864
443200
443418
443848
444316
444366
444598
444614
444874
444971
444986
445758
445862
446134
446572
446593
447415
447789
447821
447825
448090
448568
448590
448777
448967
449254
449600
449830
449896
450210
450505
450547
450932
451512
452039
452098
452242
452302
452461
452732
452758
453555
453798
453849
453997
454105
454784
454919
454991
455164
455205
455308
455377
455442
455519
455880
455919
455920
456391
456611
456699
456755
456795
456998
457596
457896
458363
458456
458480
458770
459142
459216
459517
459553
460382
460472
460881
460982
461011
461363
461394
461452
461476
461741
461877
462048
462132
462447
462835
463200
463212
463358
463651
463787
463971
464009
464063
464641
464688
464959
465105
465339
465404
465643
465771
466396
466652
466721
466773
466984
467115
467303
467387
467917
468238
468244
468832
469100
469471
469477
469494
469544
469732
469913
470043
470116
470478
470556
470872
470943
471189
471223
471268
471401
471409
471961
472111
472116
472626
473200
473436
473970
473985
474056
474475
474565
474680
474967
475107
475321
475831
476066
476075
476198
476235
476891
477044
477090
477243
477342
477422
477545
477745
477872
478225
478249
478363
478510
478806
479490
479599
479600
479723
480241
480257
480449
480759
481333
481569
482069
482203
482222
482381
482395
482650
482943
483039
483278
483400
483427
483503
483517
483586
483637
483731
483774
483983
484041
484044
484358
484375
484409
484672
484834
485043
485061
485401
485448
485634
485731
485761
486220
486269
486299
486301
486483
486552
486688
486695
486818
487103
487467
487859
487921
488150
488601
488840
488848
489388
489457
489481
489482
489489
489856
489901
490130
490158
490478
490650
490878
491174
491324
491332
492035
492035
492248
492269
492332
492916
492938
493085
493349
493389
493432
493443
493577
493669
493729
493896
494238
494871
495098
495240
495906
495933
496032
496118
496355
496535
496603
497315
497483
497924
498047
498102
498140
498206
498288
499274
500145
500314
500365
500774
501291
501393
501822
501913
501996
502357
502558
502856
503274
503485
503941
503994
504046
504397
504558
504618
504946
505388
505404
505523
505609
505688
505720
505731
506072
506395
506824
507009
507138
507513
507615
507743
507797
508423
508427
508512
508559
508864
509006
509205
509373
510173
510279
510459
510742
510797
510818
511079
511133
511176
511514
512137
512333
512348
512357
512388
513019
513078
513732
514038
514426
515022
515207
515768
515925
516227
516367
516495
516532
516639
516768
517144
517737
517922
518421
518469
518476
518829
519031
519345
519592
520155
520589
520650
520776
522060
522328
522731
522834
523829
523945
524088
524319
525251
525422
525628
525654
525891
526129
526560
526574
526645
527278
527315
527432
527850
528224
528370
528464
528566
528695
528722
528761
529068
529081
529120
529180
529407
529567
529671
530147
530858
531431
531646
531923
531929
531975
532178
532930
533053
533220
533314
533462
533492
533750
534127
534204
534311
534364
534590
535148
535810
535863
536020
536100
536227
536330
536368
536550
536654
536674
536736
536990
537009
537455
537853
538195
539046
539215
539351
539404
539883
539994
540008
540087
540669
540737
540777
540865
541370
541649
542072
542371
542761
542821
542924
543159
543522
543523
543525
543765
543807
543822
544106
544170
544361
544446
545036
545103
545262
545297
545488
545656
545657
545830
545852
546198
546789
546916
546960
546993
547073
547118
547362
547790
547966
547979
548149
548291
548497
548874
549029
550249
550479
550627
550985
551053
551332
551575
551619
552076
552169
552487
552663
552814
553259
553311
553789
553966
554386
554419
554446
554683
554920
555193
555196
555579
556064
556647
556755
556831
557138
557462
557530
557540
557853
558008
558112
558230
558241
558314
558729
559574
560301
560390
560435
560518
560642
560669
560670
560758
560804
560809
561008
561069
561725
562928
562996
563033
563037
563151
563640
563919
564067
564433
565119
565319
565398
565417
565561
565631
565676
565690
566354
566376
566420
566581
566870
567023
567062
567120
567233
567356
567453
567605
567791
568247
568499
569016
569097
569134
570079
571372
572056
572250
572381
572498
572579
572601
572941
573078
573671
573710
573982
574110
574395
574703
574913
574982
575216
575290
575423
575561
575798
575898
576082
576399
576605
576709
576765
576879
576914
576968
577161
577446
577519
577965
578468
578677
578818
578945
578976
579349
579482
579490
579595
579757
579901
580473
580786
580920
581055
581769
581830
582156
582605
582834
583501
583733
583887
584202
584299
584426
584600
584619
584902
585359
585551
585567
585746
586323
586373
586436
586911
586929
587024
587377
587438
587597
587646
588626
588687
588715
588850
588932
589148
589348
589533
589730
589799
589966
590205
590217
590489
590583
590652
590725
590872
591119
591413
591473
591722
591903
592290
592358
592677
592778
593280
593899
594315
594381
594483
594761
595334
595442
595744
595761
595828
595861
595886
595924
596104
596410
596650
596989
597182
597988
598039
598043
598151
598480
598525
598751
599029
599108
599203
599530
599624
599651
599967
600245
600359
600368
600396
600706
600919
601205
601269
601409
601413
601511
601655
601677
601841
602330
602380
602419
602552
602918
603243
603414
603480
603742
603896
604176
604322
604528
604547
604832
605148
605244
605357
605439
605441
605972
606238
606267
606371
606489
606923
607140
607353
607590
607621
607684
608183
608715
608990
609130
609547
609812
609953
610270
610492
610635
610836
611164
611328
611376
611384
611385
611395
611493
611641
612077
613233
613327
613378
613572
613879
614160
614178
614524
615323
615525
615529
615623
615669
615713
615726
615901
616138
616171
616206
616242
616526
616546
616612
616888
617431
617468
617506
617630
617858
618142
618356
618476
618658
618805
619143
619216
619217
619365
619390
619406
619425
619464
619763
619927
620188
620220
620583
621079
621923
621982
622365
622597
622704
622752
622792
622817
622819
623004
623356
623450
623541
623846
624191
624462
624531
624555
624775
624822
624906
624966
625283
625845
626228
626392
626491
626522
626668
626868
626943
627126
627588
627777
627836
627912
628015
628099
628286
628806
628811
628943
629047
629372
629555
629737
629812
630158
630198
630232
630269
630294
631668
632143
632478
632655
632786
632972
633039
633242
633446
633448
633480
633539
633980
634444
634544
634581
634913
635434
635731
636525
636719
636764
636823
636842
636899
636945
636956
637175
637280
637326
637581
637585
637700
637837
638027
638084
638262
638504
638843
639022
639265
639341
640051
640173
640219
640399
640935
640978
641091
641111
641191
641226
641333
641402
641497
641499
641620
641718
641943
641992
642450
642470
642557
642592
643169
643227
643828
644088
644176
644356
644555
644715
644882
644886
645356
645560
645579
645726
646392
646411
646636
646656
646877
647118
647339
647531
647658
647739
647813
648109
648184
648325
648373
648454
648512
648808
648838
648899
649108
649729
649882
650094
650295
650485
650626
650847
651229
651687
651973
652190
652236
652286
652693
652853
652876
653284
653489
653714
653780
653823
653846
653849
654172
654365
654543
654585
654976
655102
655122
655468
655526
655586
655717
655720
656930
656950
657090
657149
658565
658875
659037
659543
659547
659552
659911
660070
660227
660409
661084
661176
661277
661501
661800
661917
662138
662225
662378
662479
662535
663129
663228
663530
663554
663652
663704
663986
663996
664118
664557
664848
664875
665060
665104
665140
665687
665708
665869
666247
666699
666703
667076
667124
667181
667370
667371
668527
668544
668551
668595
668783
668839
668920
669158
669231
669844
670600
670764
671537
671814
671844
672333
672350
672595
672653
672796
672994
673063
673177
673396
673683
673749
674106
674157
674198
674241
674327
674486
674990
675156
675240
675420
675579
675740
676216
676427
676477
676602
676661
676795
677173
677365
677409
677478
677487
677541
677756
678028
678243
678466
678561
678742
679382
679718
679868
680075
680092
680178
681086
681193
681267
681633
681783
682044
682106
682146
682319
682467
682545
682608
682737
683804
683822
683852
683866
684130
684213
684513
685546
685979
686644
686662
686717
686833
686904
686971
687016
687114
687786
688045
688143
688226
688372
688442
688662
689044
689156
689162
689232
689437
689811
690386
691088
691095
691404
691430
691441
691492
691818
691902
691910
691936
692440
692499
692527
692618
692662
692975
693374
693389
693559
694016
694089
694251
694325
694426
694470
694496
694677
694709
694879
694953
695047
695353
695529
695707
696013
696282
696704
697209
697277
697343
697405
697477
697876
698440
698498
698780
699113
699600
699884
699913
700464
700514
700544
700571
700759
700931
701840
702136
702168
702411
702428
702790
702800
702848
703343
703490
704342
704408
704481
704507
704841
704889
704974
705067
705130
705208
705212
705249
705321
705431
705739
705801
706249
706379
706557
706565
706975
707470
707708
707958
708016
708174
708479
708592
708984
709121
709379
709519
709722
710177
710404
710639
710869
710970
711051
711513
711818
712146
712217
712282
712446
712475
712965
713103
713270
713312
713360
713598
713757
714106
714154
714170
714294
714583
714898
715176
715619
715673
715793
715923
716170
716292
716354
717240
717307
717325
717627
717679
717957
718503
718551
718822
718840
718869
719037
719407
719569
719730
719804
720830
721108
721456
721497
721687
721708
721949
722308
722325
722575
722681
722890
723042
723081
723236
723329
723606
723686
723830
723841
723890
724303
724356
724429
724458
724497
724503
724676
724846
726034
726745
726891
727023
727083
727970
728059
728460
728658
728736
729064
729105
729314
729374
729970
730235
730646
731031
731187
731387
731419
731432
731601
731605
732012
732222
732400
732449
732665
732665
733147
733230
733414
733415
733568
733918
733959
734191
734444
734484
734681
734889
734952
734996
735493
735654
736251
736266
736279
736303
736797
737003
737296
737620
738356
738484
739414
739437
739664
739681
739972
740079
740174
740479
740526
740711
740753
741278
741475
741628
741884
741953
742123
742352
742543
742562
742824
742883
743223
743225
743249
743269
743286
743936
743963
744563
744662
744957
745390
746249
746270
746342
746375
746458
746655
747080
747601
747695
747768
747926
748018
748454
748722
748767
749514
749707
749735
750000
750112
750211
750230
750634
750708
751130
751200
751260
751395
751610
752017
752475
752640
753155
753809
753916
753923
753923
753935
754064
754216
754457
754523
754562
755339
755573
755844
755960
755974
756048
756143
756205
756421
756906
756929
756941
756948
756992
757004
757415
758203
758243
758337
758695
758711
759030
759063
759185
759392
759473
759597
759697
760597
760651
760789
760873
761216
761388
761396
761964
762227
762494
762556
762663
762673
762730
762763
763012
763107
763240
763548
763638
763653
764042
764525
764567
764697
765098
765109
765373
765401
765418
765879
766096
766129
766311
766849
766871
767107
767478
767524
767710
768402
768632
768673
768735
768914
769121
769126
769151
769289
769484
769596
769669
769749
770138
770369
770431
770494
770637
771585
771600
771944
772048
772205
772256
772846
772877
772998
773115
773123
773277
773285
773307
773370
773384
773416
773622
774032
774068
774167
774292
774338
774423
774554
774809
774827
775050
775115
775138
775212
775226
775294
775429
775689
775758
775927
776199
776312
776513
776590
776626
776859
777059
778227
778528
778591
778636
778804
778851
779027
779345
779502
779573
779688
779717
780167
780425
780513
780595
780901
780905
780918
781166
781550
781675
781906
781913
781946
782059
782116
782285
782364
782708
782891
783312
783398
783449
783644
783776
783819
784258
784363
784365
784464
784544
784737
784761
784815
784994
785013
785261
785283
785563
785998
786160
786225
786367
786413
786736
786934
787357
787824
788138
788277
788399
788560
789370
789426
789853
790022
790490
790572
790572
791327
791363
791484
791575
792556
792651
792939
793118
793787
793839
793842
793894
794243
794489
794710
794811
795101
795257
795607
795965
796185
796437
796492
796706
796901
796995
797197
797264
797487
797832
797954
797965
797993
798053
798432
798473
798564
798774
798883
798898
798939
799045
799085
799338
799723
799787
800247
800319
800430
800432
800459
800702
800848
800979
801043
801394
801426
801467
801494
801506
802051
802219
802228
802271
802293
802919
803083
803169
803206
803299
803334
803414
803461
803651
803766
803924
804128
804165
804548
804598
804644
804755
805334
805601
805857
805900
805902
805951
806012
806117
806208
806242
806303
806402
806565
806589
806719
807044
807433
807701
807733
807860
808165
808320
808657
808714
809291
809325
810299
810407
810616
810654
810789
811064
811122
811527
811792
811813
811864
811874
812066
812516
812656
812836
813278
813468
813530
813758
813903
814027
814128
814479
814493
814670
814996
815115
815229
815551
815742
815746
815888
816006
816202
816464
816854
816936
817007
817329
817337
817439
817472
817499
817607
817975
818439
818527
818855
819033
819816
819889
819946
819983
820017
820349
820460
820478
820890
821131
822019
822025
822204
822848
822914
823190
823324
823401
823452
824003
824570
824582
824753
824930
825043
825302
825602
825699
825830
826018
826901
826948
827405
827832
827876
827888
828092
828400
828513
828920
829072
829225
829242
829339
829784
829853
830084
830229
830238
830885
831354
831855
831876
832004
832028
832177
832314
832380
832868
833077
833279
833521
833648
833819
833974
834304
834430
834526
834561
834930
834993
835245
835666
835988
836144
836148
836663
836666
836724
836725
837114
837312
837427
838173
838205
838261
838559
838578
838687
838773
838917
839060
839090
839785
839919
840148
840156
841054
841065
841179
841210
841958
842013
842487
842687
842808
842838
843127
843490
843602
844146
844174
844239
844690
845014
845144
845226
845330
845708
845720
845796
846074
846129
846275
846700
846820
846933
847186
847563
847715
847720
848052
848417
848872
849212
849636
849692
849704
850229
850619
850658
851321
851373
851388
851700
851849
852171
852296
852337
852433
852558
852678
852756
852967
853287
853596
854168
854434
854550
854604
854623
854652
854660
854844
854911
855535
855620
855866
855965
856302
856491
856720
856743
856899
857079
857350
857663
858511
858922
858957
859283
859362
859583
859743
859784
860083
860113
860476
860570
861154
861375
861462
861479
861928
862178
862382
862702
863085
863202
863300
863382
864439
864559
864620
865019
865220
865440
865579
865586
865792
865876
865919
865944
866168
866235
866246
866528
866839
866948
867212
867380
867732
868033
868066
868222
868251
868489
868766
868783
868877
869214
869504
869519
869680
869981
870382
870446
870948
871194
871379
871389
872025
872193
872235
872254
872342
872643
872767
873119
873145
873187
873269
873326
873359
873435
873517
873767
873770
873856
873869
873927
873993
874062
874124
874187
874331
874335
874725
874753
874763
875233
875242
875508
875538
875633
875742
876476
876651
876690
876876
877209
877210
877362
877436
877677
877951
878043
878187
878311
878694
878858
878948
878949
879212
879215
879293
879377
879520
879679
880388
880446
880602
880693
881001
881024
881257
881896
881919
881934
882253
882261
883017
883049
883084
883108
883363
883407
883540
883578
883745
883834
883903
884103
884215
884416
884738
884866
885019
885135
885163
885252
885408
886344
886412
886531
886862
887007
887030
887075
887119
887209
887798
888063
888341
888517
888553
888663
888737
888829
888846
888855
888982
889163
889251
889340
889391
889465
890100
890143
890331
890410
890514
890569
891070
891111
891286
891392
891756
891804
891978
892224
892321
892363
892647
892674
892816
893068
893132
893728
894650
894767
894930
894973
895026
895097
895275
895409
895446
895504
895621
895642
895664
895692
896522
896566
896643
896752
896970
897047
897372
897598
897600
898192
898363
898403
898674
899018
899291
899328
899340
899716
900230
901339
901421
901639
901803
901918
902011
902070
902085
902172
902193
902345
902354
902507
902846
902968
903299
903320
903886
904474
905764
905949
906423
906567
906619
906874
906963
907045
907171
907415
907589
907728
907870
907931
908154
908905
909291
910029
910044
910182
910242
910598
910692
910752
910852
910885
911524
911842
912382
912431
912445
912520
912880
912967
912984
913386
913453
914010
914130
914282
914726
914957
914993
915198
915201
915219
915272
915422
915784
915823
915943
916132
916465
916588
916665
917111
917398
917452
917754
917887
918007
918820
919025
919135
919154
919351
919565
920721
920829
921000
921113
921123
921169
921563
921764
921957
922151
922294
922507
922541
922719
922760
922897
922966
923041
923269
923338
923655
923962
924037
924126
924389
924426
924602
924884
924898
925327
925327
925392
925774
925966
926077
926256
926300
926526
926730
926838
926957
926974
926979
927228
927518
927848
928279
928422
928976
929293
929735
929794
929795
929949
929978
930012
930113
930335
930362
930401
930568
930806
931018
931118
931238
931686
932336
932355
932502
932586
932606
932758
932844
933051
933232
933240
933314
933391
933696
933725
933954
933998
934461
934606
934942
935352
935409
935464
935672
936415
937000
937207
937527
937662
937692
937907
938255
938660
938679
938727
938849
939777
939778
939935
940046
940380
940453
940710
941041
941159
941505
941680
942147
942766
942840
942879
942995
943094
943462
943752
944216
944338
944714
944722
944922
944953
945367
945731
946296
946671
946809
946916
946941
947052
947086
947229
947326
947758
947802
948493
948649
949203
950012
950015
950083
950188
950247
950515
950590
950997
951008
951067
951346
951504
951569
951846
952056
952999
953173
953209
953222
953264
953650
953712
953728
954124
954738
954878
955960
956256
956264
956823
957037
957187
957192
957245
958439
959039
959049
959082
959450
959762
959911
960513
960770
960878
961378
961875
961917
962079
962225
962542
962757
962884
962960
963123
963322
963578
963732
964021
964028
964208
964348
964636
964811
965375
965466
965519
965738
965902
966065
966079
966149
966183
966254
966394
966485
966590
966600
966700
966786
967091
967775
968118
968222
968297
968394
968474
968962
969008
969086
969333
969490
970178
970301
970518
970647
971219
971371
971818
971993
972032
972038
972536
972546
972666
972956
973290
973485
973558
973645
973803
973810
973892
974024
974314
974956
974994
975325
975343
975683
975731
975738
975877
976233
976567
976643
976772
976941
977549
977616
977840
977890
977998
978645
978851
979278
979433
979608
979720
979860
980052
980187
980332
980478
980479
981522
981567
981683
982122
982131
982990
983040
983053
983055
983270
983698
983744
983760
983993
984066
984227
984867
985397
985624
986026
986057
986084
986924
987503
987770
988484
988677
988678
988732
988994
989049
989133
989477
989802
989882
989943
990134
990237
990337
990478
990715
990934
991099
991454
991606
991957
992444
993232
993388
993416
993444
993580
993625
993639
993733
993835
993921
994048
994121
994147
994391
994432
994490
994890
994934
995511
995633
995743
995941
996453
996767
996963
997840
997945
997950
997957
998190
998242
998490
998495
998622
998996
999817
999867