-928103
-918462
-909413
-893055
-892101
-881237
-880729
-875113
-842071
-834610
-799102
-757834
-730967
-724297
-711002
-697895
-611144
-601239
-549894
-549362
-511015
-504601
-435075
-418894
-398987
-383721
-378620
-378619
-376780
-351770
-341817
-318308
-315682
-285422
-283580
-279824
-264931
-216665
-190761
-163514
-146821
-117339
-98266
-94380
-79272
-73192
-72486
-51766
-37724
-35221
-33125
-16306
-13148
-6938
70733
99924
143236
168858
169335
186945
201575
214708
256072
272849
317240
325989
336263
357531
360324
365916
377479
394437
405573
423472
444732
466924
538208
541194
548103
559500
562492
567254
583821
596672
613344
620319
653332
654052
658293
726947
730757
754562
778222
857073
869448
929118
964968
988014
995617
999935